  34 
  34 
  34 
  34 
  34 
  34 
  21 
  21 
  21 
  21 
  21 
  21 
  29 
  29 
  29 
  29 
  29 
  29 
  32 
  32 
  32 
  32 
  32 
  32 
  28 
  28 
  28 
  28 
  28 
  28 
  20 
  20 
  20 
  20 
  20 
  20 
  29 
  29 
  29 
  29 
  29 
  29 
  25 
  25 
  25 
  25 
  25 
  25 
  29 
  29 
  29 
  29 
  29 
  29 
  24 
  24 
  24 
  24 
  24 
  24 
  27 
  27 
  27 
  27 
  27 
  27 
  24 
  24 
  24 
  24 
  24 
  24 
  29 
  29 
  29 
  29 
  29 
  29 
  23 
  23 
  23 
  23 
  23 
  23 
  31 
  31 
  31 
  31 
  31 
  31 
  27 
  27 
  27 
  27 
  27 
  27 
  25 
  25 
  25 
  25 
  25 
  25 
  24 
  24 
  24 
  24 
  24 
  24 
  30 
  30 
  30 
  30 
  30 
  30 
  34 
  34 
  34 
  34 
  34 
  34 
  33 
  33 
  33 
  33 
  33 
  33 
  28 
  28 
  28 
  28 
  28 
  28 
  28 
  28 
  28 
  28 
  28 
  28 
  27 
  27 
  27 
  27 
  27 
  27 
  22 
  22 
  22 
  22 
  22 
  22 
  31 
  31 
  31 
  31 
  31 
  31 
  27 
  27 
  27 
  27 
  27 
  27 
  26 
  26 
  26 
  26 
  26 
  26 
  20 
  20 
  20 
  20 
  20 
  20 
  16 
  16 
  16 
  16 
  16 
  16 
  29 
  29 
  29 
  29 
  29 
  29 
  29 
  29 
  29 
  29 
  29 
  29 
  38 
  38 
  38 
  38 
  38 
  38 
  28 
  28 
  28 
  28 
  28 
  28 
  22 
  22 
  22 
  22 
  22 
  22 
  40 
  40 
  40 
  40 
  40 
  40 
  28 
  28 
  28 
  28 
  28 
  28 
  20 
  20 
  20 
  20 
  20 
  20 
  23 
  23 
  23 
  23 
  23 
  23 
  25 
  25 
  25 
  25 
  25 
  25 
  47 
  47 
  47 
  47 
  47 
  47 
  46 
  46 
  46 
  46 
  46 
  46 
  54 
  54 
  54 
  54 
  54 
  54 
  54 
  54 
  54 
  54 
  54 
  54 
  61 
  62 
  62 
  62 
  62 
  62 
  44 
  44 
  44 
  44 
  44 
  44 
  66 
  66 
  66 
  66 
  66 
  66 
  51 
  51 
  51 
  51 
  51 
  51 
  42 
  42 
  42 
  42 
  42 
  42 
  58 
  58 
  58 
  58 
  58 
  58 
  53 
  53 
  53 
  53 
  53 
  53 
  58 
  58 
  58 
  58 
  58 
  58 
  54 
  54 
  54 
  54 
  54 
  54 
  59 
  59 
  59 
  59 
  59 
  59 
  55 
  55 
  55 
  55 
  55 
  55 
  74 
  74 
  74 
  74 
  74 
  74 
  48 
  48 
  48 
  48 
  48 
  48 
  53 
  53 
  53 
  53 
  53 
  53 
  53 
  53 
  53 
  53 
  53 
  53 
  45 
  45 
  45 
  45 
  45 
  45 
  55 
  55 
  55 
  55 
  55 
  55 
  47 
  47 
  47 
  47 
  47 
  47 
  59 
  59 
  59 
  59 
  59 
  59 
  50 
  50 
  50 
  50 
  50 
  50 
  54 
  55 
  55 
  55 
  55 
  55 
  55 
  55 
  55 
  55 
  55 
  55 
  63 
  63 
  63 
  63 
  63 
  63 
  44 
  44 
  44 
  44 
  44 
  44 
  58 
  58 
  58 
  58 
  58 
  58 
  57 
  57 
  57 
  57 
  57 
  57 
  47 
  47 
  47 
  47 
  47 
  47 
  56 
  56 
  56 
  56 
  56 
  56 
  57 
  57 
  57 
  57 
  57 
  57 
  59 
  59 
  59 
  59 
  59 
  59 
  55 
  55 
  55 
  55 
  55 
  55 
  56 
  56 
  56 
  56 
  56 
  56 
  62 
  62 
  62 
  62 
  62 
  62 
  62 
  62 
  62 
  62 
  62 
  62 
  44 
  44 
  44 
  44 
  44 
  44 
  61 
  61 
  61 
  61 
  61 
  61 
  90 
  91 
  91 
  91 
  91 
  91 
  83 
  83 
  83 
  83 
  83 
  83 
  75 
  76 
  76 
  76 
  76 
  76 
  89 
  91 
  91 
  91 
  91 
  91 
  72 
  72 
  72 
  72 
  72 
  72 
  79 
  79 
  79 
  79 
  79 
  79 
  83 
  83 
  83 
  83 
  83 
  83 
  66 
  66 
  66 
  66 
  66 
  66 
  69 
  69 
  69 
  69 
  69 
  69 
  80 
  80 
  80 
  80 
  80 
  80 
  67 
  67 
  67 
  67 
  67 
  67 
  80 
  81 
  81 
  81 
  81 
  81 
  81 
  82 
  82 
  82 
  82 
  82 
  73 
  74 
  74 
  74 
  74 
  74 
  75 
  75 
  75 
  75 
  75 
  75 
  82 
  82 
  82 
  82 
  82 
  82 
  83 
  83 
  83 
  83 
  83 
  83 
  88 
  89 
  89 
  89 
  89 
  89 
  78 
  78 
  78 
  78 
  78 
  78 
  73 
  73 
  73 
  73 
  73 
  73 
  82 
  82 
  82 
  82 
  82 
  82 
  93 
  95 
  96 
  96 
  96 
  96 
  64 
  64 
  64 
  64 
  64 
  64 
  80 
  80 
  80 
  80 
  80 
  80 
  75 
  76 
  76 
  76 
  76 
  76 
  65 
  65 
  65 
  65 
  65 
  65 
  77 
  81 
  81 
  81 
  81 
  81 
  83 
  84 
  84 
  84 
  84 
  84 
  77 
  78 
  78 
  78 
  78 
  78 
  87 
  87 
  87 
  87 
  87 
  87 
  84 
  85 
  85 
  85 
  85 
  85 
  85 
  85 
  85 
  85 
  85 
  85 
  84 
  84 
  84 
  84 
  84 
  84 
  80 
  80 
  80 
  80 
  80 
  80 
  80 
  80 
  80 
  80 
  80 
  80 
  75 
  75 
  75 
  75 
  75 
  75 
  88 
  88 
  88 
  88 
  88 
  88 
  88 
  88 
  88 
  88 
  88 
  88 
  80 
  81 
  81 
  81 
  81 
  81 
  80 
  80 
  80 
  80 
  80 
  80 
 105 
 105 
 106 
 106 
 106 
 106 
 115 
 118 
 118 
 118 
 118 
 118 
 101 
 104 
 104 
 104 
 104 
 104 
 109 
 114 
 115 
 115 
 115 
 115 
 113 
 114 
 114 
 114 
 114 
 114 
  98 
 101 
 101 
 101 
 101 
 101 
 115 
 120 
 120 
 120 
 120 
 120 
 115 
 115 
 115 
 115 
 115 
 115 
 106 
 108 
 108 
 108 
 108 
 108 
 109 
 112 
 113 
 113 
 113 
 113 
 119 
 121 
 121 
 121 
 121 
 121 
 113 
 117 
 117 
 117 
 117 
 117 
 118 
 120 
 120 
 120 
 120 
 120 
 118 
 123 
 123 
 123 
 123 
 123 
 122 
 133 
 135 
 135 
 135 
 135 
  90 
  90 
  90 
  90 
  90 
  90 
  98 
  99 
  99 
  99 
  99 
  99 
 115 
 116 
 116 
 116 
 116 
 116 
 106 
 112 
 112 
 112 
 112 
 112 
 114 
 120 
 120 
 120 
 120 
 120 
 112 
 113 
 113 
 113 
 113 
 113 
 100 
 101 
 101 
 101 
 101 
 101 
 104 
 108 
 108 
 108 
 108 
 108 
 103 
 104 
 107 
 107 
 107 
 107 
 100 
 101 
 101 
 101 
 101 
 101 
 118 
 118 
 118 
 118 
 118 
 118 
  99 
 102 
 102 
 102 
 102 
 102 
 103 
 103 
 103 
 103 
 103 
 103 
  93 
  94 
  94 
  94 
  94 
  94 
 116 
 120 
 120 
 120 
 120 
 120 
 105 
 111 
 111 
 111 
 111 
 111 
  95 
  96 
  96 
  96 
  96 
  96 
 106 
 114 
 116 
 116 
 116 
 116 
 103 
 103 
 103 
 103 
 103 
 103 
 102 
 103 
 103 
 103 
 103 
 103 
  95 
  96 
  96 
  96 
  96 
  96 
 106 
 106 
 106 
 106 
 106 
 106 
 107 
 111 
 111 
 111 
 111 
 111 
  97 
 101 
 101 
 101 
 101 
 101 
 105 
 106 
 106 
 106 
 106 
 106 
 125 
 131 
 131 
 131 
 131 
 131 
 124 
 126 
 127 
 127 
 127 
 127 
 127 
 137 
 139 
 139 
 139 
 139 
 122 
 125 
 125 
 125 
 125 
 125 
 130 
 146 
 147 
 147 
 147 
 147 
 111 
 113 
 113 
 113 
 113 
 113 
 120 
 125 
 125 
 125 
 125 
 125 
 133 
 140 
 141 
 141 
 141 
 141 
 130 
 141 
 141 
 141 
 141 
 141 
 131 
 137 
 138 
 138 
 138 
 138 
 121 
 135 
 135 
 135 
 135 
 135 
 121 
 126 
 126 
 126 
 126 
 126 
 114 
 118 
 120 
 120 
 120 
 120 
 133 
 135 
 135 
 135 
 135 
 135 
 125 
 140 
 142 
 142 
 142 
 142 
 128 
 132 
 132 
 132 
 132 
 132 
 132 
 138 
 139 
 139 
 139 
 139 
 136 
 143 
 143 
 143 
 143 
 143 
 119 
 121 
 122 
 122 
 122 
 122 
 131 
 147 
 148 
 148 
 148 
 148 
 128 
 138 
 142 
 142 
 142 
 142 
 115 
 118 
 118 
 118 
 118 
 118 
 127 
 139 
 140 
 140 
 140 
 140 
 129 
 134 
 134 
 134 
 134 
 134 
 128 
 139 
 140 
 140 
 140 
 140 
 128 
 135 
 136 
 136 
 136 
 136 
 131 
 136 
 137 
 137 
 137 
 137 
 131 
 142 
 142 
 142 
 142 
 142 
 128 
 135 
 135 
 135 
 135 
 135 
 121 
 130 
 130 
 130 
 130 
 130 
 135 
 142 
 142 
 142 
 142 
 142 
 123 
 129 
 130 
 130 
 130 
 130 
 120 
 129 
 130 
 130 
 130 
 130 
 121 
 125 
 125 
 125 
 125 
 125 
 135 
 149 
 150 
 150 
 150 
 150 
 131 
 134 
 134 
 134 
 134 
 134 
 119 
 124 
 124 
 124 
 124 
 124 
 127 
 137 
 137 
 137 
 137 
 137 
 121 
 130 
 131 
 131 
 131 
 131 
 120 
 137 
 138 
 138 
 138 
 138 
 145 
 155 
 156 
 156 
 156 
 156 
 141 
 153 
 156 
 156 
 156 
 156 
 147 
 173 
 176 
 176 
 176 
 176 
 132 
 144 
 149 
 149 
 149 
 149 
 133 
 163 
 168 
 168 
 168 
 168 
 141 
 157 
 158 
 158 
 158 
 158 
 150 
 164 
 165 
 165 
 165 
 165 
 143 
 161 
 161 
 161 
 161 
 161 
 137 
 169 
 176 
 176 
 176 
 176 
 140 
 149 
 150 
 150 
 150 
 150 
 136 
 157 
 162 
 162 
 162 
 162 
 135 
 154 
 155 
 155 
 155 
 155 
 145 
 163 
 165 
 165 
 165 
 165 
 131 
 143 
 146 
 146 
 146 
 146 
 141 
 157 
 164 
 164 
 164 
 164 
 138 
 161 
 164 
 164 
 164 
 164 
 134 
 152 
 154 
 154 
 154 
 154 
 131 
 152 
 153 
 153 
 153 
 153 
 140 
 150 
 150 
 150 
 150 
 150 
 134 
 156 
 160 
 160 
 160 
 160 
 135 
 159 
 160 
 160 
 160 
 160 
 137 
 157 
 159 
 159 
 159 
 159 
 142 
 163 
 168 
 168 
 168 
 168 
 129 
 149 
 153 
 153 
 153 
 153 
 146 
 169 
 172 
 172 
 172 
 172 
 136 
 156 
 159 
 159 
 159 
 159 
 143 
 175 
 176 
 176 
 176 
 176 
 133 
 160 
 170 
 170 
 170 
 170 
 136 
 147 
 150 
 150 
 150 
 150 
 143 
 163 
 167 
 167 
 167 
 167 
 138 
 161 
 165 
 165 
 165 
 165 
 135 
 141 
 142 
 142 
 142 
 142 
 144 
 169 
 170 
 170 
 170 
 170 
 139 
 161 
 165 
 165 
 165 
 165 
 138 
 154 
 160 
 160 
 160 
 160 
 139 
 150 
 150 
 150 
 150 
 150 
 131 
 152 
 155 
 155 
 155 
 155 
 144 
 166 
 171 
 171 
 171 
 171 
 139 
 155 
 155 
 155 
 155 
 155 
 142 
 168 
 176 
 176 
 176 
 176 
