   1 
   3 
   4 
   7 
   8 
   8 
   1 
   3 
   3 
   4 
   5 
   5 
   0 
   0 
   5 
   7 
   8 
   9 
   3 
   5 
   5 
   9 
  10 
  10 
   1 
   2 
   3 
   4 
   4 
   8 
   1 
   2 
   4 
   6 
   7 
   9 
   3 
   3 
   5 
   6 
   6 
   7 
   3 
   3 
   3 
   5 
   7 
   8 
   1 
   2 
   2 
   3 
   6 
   7 
   0 
   0 
   0 
   1 
   3 
   5 
   1 
   2 
   3 
   5 
   7 
   7 
   1 
   2 
   5 
   5 
   6 
   7 
   1 
   1 
   3 
   5 
   6 
   7 
   0 
   2 
   4 
   8 
   8 
   8 
   2 
   2 
   3 
   3 
   5 
   7 
   1 
   4 
   6 
   7 
   9 
  10 
   0 
   0 
   0 
   0 
   0 
   1 
   1 
   2 
   4 
   5 
   6 
   6 
   0 
   1 
   2 
   5 
   6 
   7 
   3 
   7 
   8 
   8 
  11 
  11 
   1 
   3 
   5 
   7 
   9 
  11 
   2 
   2 
   5 
   7 
   9 
  10 
   2 
   3 
   4 
   6 
   6 
   8 
   2 
   4 
   5 
   5 
   5 
   6 
   1 
   3 
   4 
   6 
   8 
   9 
   2 
   2 
   3 
   3 
   7 
   9 
   0 
   0 
   2 
   2 
   4 
   8 
   1 
   2 
   5 
   5 
   7 
   8 
   2 
   3 
   3 
   7 
   9 
   9 
   0 
   0 
   0 
   0 
   0 
   0 
   2 
   4 
   7 
   9 
  11 
  13 
   2 
   5 
   9 
  12 
  15 
  17 
   2 
   5 
   5 
   5 
   8 
  11 
   1 
   1 
   1 
   3 
   4 
   6 
   0 
   1 
   2 
   2 
   2 
   3 
   5 
   8 
  10 
  14 
  16 
  18 
   2 
   4 
   4 
   4 
   5 
   6 
   0 
   2 
   3 
   8 
   8 
   8 
   0 
   1 
   2 
   3 
   6 
   9 
   0 
   1 
   1 
   5 
   6 
   7 
   2 
   6 
   8 
  10 
  15 
  17 
   1 
   3 
   9 
  11 
  13 
  14 
   1 
   4 
   5 
   7 
   9 
  15 
   3 
   7 
   7 
  11 
  12 
  15 
   3 
   5 
   7 
   9 
  16 
  23 
   4 
   5 
   5 
   8 
  10 
  11 
   4 
   5 
   7 
   9 
  14 
  17 
   2 
   4 
   6 
   8 
   9 
  13 
   1 
   3 
   6 
  12 
  13 
  16 
   5 
   8 
  10 
  13 
  17 
  21 
   4 
  11 
  15 
  22 
  23 
  24 
   7 
   9 
  13 
  17 
  18 
  20 
   2 
   5 
   8 
  13 
  16 
  19 
   2 
   6 
   9 
  13 
  16 
  23 
   4 
   8 
  11 
  13 
  17 
  21 
   2 
   8 
  12 
  14 
  18 
  21 
   1 
   4 
   5 
   6 
   8 
  10 
   3 
   5 
   5 
   8 
  11 
  15 
   4 
   7 
   7 
   8 
  12 
  13 
   6 
   7 
   8 
   9 
  11 
  13 
   4 
   8 
  10 
  12 
  16 
  21 
   3 
   6 
   7 
  11 
  13 
  13 
   2 
   5 
  10 
  12 
  15 
  19 
   1 
   4 
   9 
  10 
  14 
  16 
   1 
   2 
   3 
   7 
  11 
  15 
   1 
   4 
   8 
  11 
  15 
  18 
   4 
   6 
  12 
  13 
  18 
  20 
   0 
   4 
   5 
   7 
   9 
  10 
   4 
   8 
  12 
  13 
  17 
  20 
   3 
   6 
   8 
  12 
  14 
  17 
   3 
   5 
   6 
   8 
  12 
  13 
   5 
   9 
  11 
  14 
  16 
  18 
   2 
   3 
   4 
   6 
  11 
  14 
   2 
   4 
   6 
  11 
  13 
  15 
   3 
   6 
   9 
  13 
  17 
  19 
   4 
   7 
   9 
  14 
  17 
  19 
   3 
   6 
   9 
  12 
  16 
  18 
   2 
   3 
   7 
   8 
  13 
  16 
   2 
   5 
   5 
   6 
   6 
   8 
   1 
   3 
   4 
   5 
  10 
  14 
   9 
  12 
  18 
  19 
  21 
  26 
   7 
   9 
  11 
  18 
  21 
  28 
   2 
   7 
  12 
  21 
  23 
  26 
   6 
   8 
  12 
  14 
  18 
  24 
   4 
   8 
  10 
  15 
  18 
  20 
   3 
   8 
  12 
  18 
  21 
  29 
   6 
  10 
  17 
  19 
  26 
  29 
   5 
   7 
  11 
  13 
  18 
  20 
   1 
   7 
  10 
  13 
  16 
  23 
   3 
  11 
  17 
  20 
  23 
  25 
   2 
   6 
   9 
  13 
  15 
  20 
   4 
   9 
  15 
  15 
  18 
  22 
   3 
  11 
  12 
  18 
  20 
  25 
   3 
   6 
   9 
  11 
  12 
  16 
   5 
  13 
  17 
  24 
  29 
  33 
   8 
  13 
  19 
  20 
  21 
  29 
   2 
   5 
  10 
  15 
  16 
  20 
   7 
  10 
  15 
  22 
  27 
  32 
   3 
   9 
  13 
  16 
  19 
  23 
   2 
   4 
   5 
  11 
  14 
  18 
   4 
   8 
  12 
  18 
  23 
  29 
   4 
  12 
  15 
  20 
  29 
  34 
   3 
   8 
  10 
  12 
  17 
  20 
   7 
  10 
  13 
  17 
  18 
  22 
   1 
   6 
  10 
  15 
  18 
  22 
   3 
   4 
   8 
  12 
  12 
  14 
   4 
   9 
  18 
  25 
  28 
  33 
   2 
   9 
  10 
  14 
  20 
  23 
   1 
   5 
  12 
  13 
  16 
  20 
   0 
   9 
  11 
  15 
  18 
  21 
   6 
  11 
  17 
  19 
  22 
  29 
   5 
   6 
   9 
  12 
  15 
  21 
   5 
   9 
  14 
  14 
  18 
  23 
   4 
  11 
  16 
  20 
  29 
  34 
   2 
   7 
   9 
  13 
  15 
  21 
   4 
   8 
  14 
  19 
  22 
  23 
   4 
   5 
  12 
  13 
  19 
  25 
   1 
   6 
  10 
  12 
  22 
  26 
   4 
   8 
  11 
  14 
  17 
  22 
   3 
   6 
  12 
  17 
  20 
  23 
   1 
   8 
  15 
  20 
  28 
  33 
   4 
  10 
  12 
  19 
  24 
  28 
   6 
  10 
  21 
  28 
  31 
  35 
   5 
   7 
  13 
  24 
  32 
  43 
   5 
   9 
  14 
  18 
  25 
  30 
   5 
  10 
  13 
  19 
  23 
  27 
   8 
  16 
  18 
  24 
  30 
  36 
   3 
  14 
  22 
  28 
  31 
  37 
   4 
  13 
  20 
  29 
  32 
  39 
   5 
  12 
  18 
  23 
  30 
  32 
   9 
  13 
  15 
  22 
  25 
  32 
   6 
  14 
  19 
  23 
  32 
  38 
   6 
  14 
  18 
  22 
  28 
  29 
   5 
  11 
  19 
  25 
  31 
  35 
   6 
  15 
  22 
  37 
  44 
  49 
   6 
  10 
  16 
  20 
  27 
  30 
   6 
  15 
  21 
  29 
  33 
  36 
   8 
  16 
  22 
  28 
  34 
  39 
   9 
  12 
  18 
  25 
  28 
  29 
   6 
  12 
  18 
  27 
  33 
  36 
   5 
  10 
  14 
  21 
  29 
  30 
  10 
  14 
  16 
  25 
  29 
  33 
   1 
   5 
  10 
  15 
  20 
  28 
   3 
   7 
  10 
  12 
  22 
  24 
  10 
  12 
  20 
  22 
  32 
  37 
   6 
  11 
  16 
  25 
  31 
  34 
   6 
   9 
  16 
  20 
  25 
  29 
   1 
  10 
  18 
  25 
  32 
  38 
   7 
  11 
  15 
  23 
  29 
  35 
   4 
  12 
  17 
  24 
  33 
  42 
   9 
  13 
  21 
  25 
  35 
  40 
   5 
  12 
  17 
  20 
  22 
  26 
   3 
   9 
  17 
  20 
  27 
  28 
   5 
  10 
  12 
  18 
  28 
  30 
   6 
   9 
  15 
  20 
  27 
  35 
   4 
  10 
  12 
  18 
  24 
  27 
   4 
  10 
  17 
  24 
  27 
  33 
   8 
  11 
  16 
  23 
  29 
  36 
   8 
  14 
  19 
  27 
  31 
  36 
   4 
  15 
  21 
  21 
  24 
  32 
   9 
  17 
  25 
  32 
  38 
  46 
   4 
  10 
  17 
  24 
  32 
  43 
  13 
  15 
  18 
  24 
  30 
  39 
   5 
  12 
  19 
  22 
  26 
  33 
   7 
  14 
  20 
  25 
  30 
  42 
   6 
  10 
  17 
  18 
  23 
  31 
   8 
  11 
  20 
  23 
  30 
  35 
  13 
  22 
  26 
  28 
  36 
  44 
  10 
  16 
  26 
  36 
  43 
  54 
   8 
  13 
  16 
  22 
  30 
  39 
   6 
  14 
  21 
  27 
  33 
  34 
   6 
  16 
  26 
  30 
  35 
  41 
   6 
  14 
  20 
  26 
  31 
  36 
   4 
  13 
  27 
  27 
  32 
  41 
   4 
  12 
  17 
  22 
  26 
  33 
   4 
  11 
  16 
  26 
  31 
  36 
   8 
  11 
  16 
  20 
  31 
  33 
   6 
  15 
  25 
  35 
  41 
  50 
   4 
  20 
  24 
  27 
  33 
  42 
   3 
  10 
  21 
  32 
  46 
  50 
   3 
  10 
  23 
  36 
  39 
  45 
   3 
   8 
  18 
  30 
  35 
  37 
   2 
   7 
  17 
  20 
  34 
  43 
   6 
  10 
  17 
  22 
  32 
  41 
   5 
  10 
  18 
  28 
  35 
  47 
   7 
   9 
  16 
  23 
  31 
  37 
   6 
  14 
  18 
  22 
  31 
  41 
   6 
  13 
  18 
  26 
  33 
  38 
   7 
  12 
  16 
  23 
  29 
  36 
  10 
  15 
  25 
  29 
  37 
  39 
   7 
  12 
  18 
  27 
  38 
  47 
  10 
  19 
  22 
  27 
  37 
  40 
   8 
  13 
  19 
  28 
  35 
  39 
   2 
   9 
  13 
  20 
  30 
  37 
   7 
  16 
  22 
  29 
  34 
  41 
  10 
  14 
  21 
  31 
  35 
  45 
   5 
  11 
  16 
  19 
  27 
  33 
   6 
   9 
  14 
  20 
  30 
  39 
   5 
   9 
  15 
  21 
  27 
  38 
   9 
  22 
  27 
  32 
  38 
  45 
   5 
  17 
  24 
  35 
  47 
  58 
   8 
  13 
  22 
  32 
  48 
  58 
   9 
  14 
  26 
  30 
  39 
  50 
  11 
  19 
  25 
  30 
  33 
  39 
  11 
  22 
  33 
  45 
  50 
  65 
   5 
  19 
  22 
  27 
  32 
  48 
  11 
  20 
  26 
  36 
  45 
  49 
  10 
  22 
  30 
  37 
  41 
  48 
  10 
  18 
  28 
  36 
  45 
  55 
  13 
  19 
  27 
  35 
  42 
  47 
   5 
  11 
  21 
  24 
  34 
  41 
   9 
  14 
  21 
  26 
  30 
  36 
   4 
  10 
  20 
  32 
  39 
  46 
   6 
  15 
  21 
  23 
  33 
  42 
  10 
  18 
  23 
  31 
  37 
  44 
   5 
  13 
  25 
  30 
  43 
  50 
   8 
  13 
  25 
  31 
  36 
  42 
   3 
  13 
  18 
  21 
  34 
  45 
   8 
  13 
  18 
  25 
  36 
  42 
  14 
  22 
  30 
  38 
  49 
  56 
   4 
  13 
  19 
  29 
  36 
  44 
  14 
  25 
  32 
  40 
  48 
  54 
   4 
  17 
  21 
  30 
  37 
  44 
   8 
  17 
  23 
  30 
  40 
  50 
   7 
  19 
  25 
  36 
  42 
  56 
   7 
  17 
  26 
  34 
  42 
  57 
   6 
  13 
  26 
  39 
  44 
  53 
   9 
  16 
  25 
  31 
  43 
  54 
   9 
  16 
  22 
  32 
  42 
  52 
  12 
  23 
  31 
  36 
  44 
  57 
   9 
  19 
  28 
  38 
  50 
  60 
   6 
  16 
  23 
  27 
  36 
  46 
   9 
  19 
  29 
  36 
  45 
  58 
   7 
  20 
  30 
  37 
  47 
  59 
   9 
  16 
  23 
  28 
  37 
  42 
   4 
  11 
  19 
  27 
  34 
  38 
   4 
  15 
  24 
  32 
  40 
  48 
   1 
  15 
  22 
  30 
  38 
  47 
   6 
  15 
  23 
  28 
  35 
  40 
  10 
  18 
  26 
  32 
  43 
  50 
