  22 
  23 
  23 
  23 
  23 
  23 
  26 
  26 
  26 
  26 
  26 
  26 
  27 
  27 
  27 
  27 
  27 
  27 
  24 
  24 
  24 
  24 
  24 
  24 
  29 
  29 
  29 
  29 
  29 
  29 
  22 
  22 
  22 
  22 
  22 
  22 
  29 
  29 
  29 
  29 
  29 
  29 
  32 
  32 
  32 
  32 
  32 
  32 
  18 
  18 
  18 
  18 
  18 
  18 
  30 
  32 
  32 
  32 
  32 
  32 
  20 
  20 
  20 
  20 
  20 
  20 
  21 
  21 
  21 
  21 
  21 
  21 
  20 
  20 
  20 
  20 
  20 
  20 
  26 
  26 
  26 
  26 
  26 
  26 
  26 
  26 
  26 
  26 
  26 
  26 
  25 
  26 
  26 
  26 
  26 
  26 
  27 
  27 
  27 
  27 
  27 
  27 
  25 
  25 
  25 
  25 
  25 
  25 
  32 
  32 
  32 
  32 
  32 
  32 
  21 
  21 
  21 
  21 
  21 
  21 
  25 
  26 
  26 
  26 
  26 
  26 
  28 
  28 
  28 
  28 
  28 
  28 
  26 
  26 
  26 
  26 
  26 
  26 
  31 
  31 
  31 
  31 
  32 
  32 
  27 
  28 
  28 
  28 
  28 
  28 
  22 
  22 
  22 
  22 
  22 
  22 
  25 
  25 
  25 
  25 
  25 
  25 
  31 
  31 
  31 
  31 
  31 
  31 
  27 
  28 
  28 
  28 
  28 
  28 
  30 
  30 
  30 
  30 
  30 
  30 
  25 
  25 
  25 
  25 
  25 
  25 
  28 
  29 
  29 
  30 
  30 
  30 
  32 
  32 
  32 
  32 
  32 
  32 
  26 
  26 
  26 
  26 
  26 
  26 
  26 
  26 
  26 
  26 
  26 
  26 
  33 
  33 
  33 
  33 
  33 
  33 
  17 
  17 
  17 
  17 
  17 
  17 
  23 
  23 
  23 
  23 
  23 
  23 
  33 
  33 
  33 
  33 
  33 
  33 
  22 
  22 
  22 
  22 
  22 
  22 
  47 
  53 
  53 
  53 
  53 
  53 
  48 
  56 
  56 
  56 
  56 
  56 
  47 
  56 
  57 
  57 
  57 
  57 
  43 
  50 
  52 
  52 
  52 
  52 
  47 
  59 
  61 
  62 
  62 
  62 
  47 
  58 
  59 
  59 
  59 
  59 
  48 
  53 
  53 
  53 
  53 
  53 
  49 
  53 
  53 
  53 
  53 
  53 
  47 
  54 
  56 
  56 
  56 
  56 
  40 
  43 
  43 
  43 
  43 
  43 
  46 
  51 
  52 
  52 
  52 
  52 
  49 
  54 
  54 
  54 
  54 
  54 
  39 
  45 
  45 
  45 
  46 
  46 
  47 
  61 
  62 
  63 
  63 
  63 
  45 
  51 
  51 
  51 
  51 
  51 
  47 
  55 
  57 
  57 
  57 
  57 
  48 
  57 
  58 
  58 
  58 
  58 
  44 
  46 
  46 
  46 
  46 
  46 
  46 
  54 
  57 
  57 
  57 
  57 
  51 
  64 
  64 
  64 
  64 
  64 
  47 
  51 
  51 
  51 
  51 
  51 
  49 
  55 
  56 
  56 
  56 
  56 
  44 
  49 
  49 
  49 
  49 
  49 
  44 
  47 
  48 
  48 
  48 
  48 
  45 
  47 
  49 
  50 
  50 
  50 
  44 
  48 
  49 
  49 
  49 
  49 
  42 
  47 
  47 
  47 
  47 
  47 
  49 
  58 
  59 
  59 
  59 
  59 
  46 
  49 
  49 
  49 
  49 
  49 
  47 
  54 
  54 
  54 
  54 
  54 
  47 
  52 
  52 
  52 
  52 
  52 
  47 
  52 
  54 
  56 
  56 
  56 
  39 
  42 
  43 
  43 
  43 
  43 
  52 
  62 
  62 
  63 
  63 
  63 
  48 
  57 
  57 
  58 
  58 
  58 
  43 
  51 
  51 
  51 
  51 
  51 
  48 
  52 
  52 
  52 
  52 
  52 
  49 
  63 
  66 
  67 
  67 
  67 
  51 
  55 
  55 
  55 
  55 
  55 
  51 
  62 
  62 
  63 
  63 
  63 
  51 
  78 
  78 
  78 
  80 
  81 
  51 
  77 
  82 
  82 
  83 
  83 
  51 
  77 
  79 
  81 
  83 
  84 
  52 
  70 
  70 
  70 
  72 
  73 
  51 
  78 
  88 
  92 
  92 
  93 
  52 
  71 
  73 
  75 
  75 
  75 
  49 
  75 
  78 
  78 
  78 
  79 
  49 
  74 
  76 
  77 
  78 
  78 
  49 
  73 
  77 
  77 
  77 
  77 
  52 
  78 
  81 
  83 
  84 
  84 
  52 
  75 
  78 
  82 
  85 
  85 
  51 
  77 
  84 
  85 
  85 
  86 
  52 
  76 
  80 
  81 
  81 
  81 
  52 
  81 
  84 
  85 
  85 
  86 
  51 
  75 
  77 
  77 
  77 
  77 
  52 
  75 
  77 
  78 
  78 
  79 
  50 
  71 
  74 
  76 
  78 
  78 
  51 
  73 
  73 
  73 
  74 
  74 
  52 
  82 
  83 
  83 
  83 
  83 
  52 
  73 
  73 
  73 
  73 
  74 
  50 
  83 
  84 
  85 
  85 
  85 
  51 
  72 
  75 
  77 
  77 
  77 
  50 
  76 
  81 
  82 
  82 
  82 
  52 
  78 
  79 
  79 
  79 
  79 
  51 
  74 
  74 
  74 
  74 
  74 
  52 
  78 
  81 
  84 
  84 
  85 
  52 
  81 
  85 
  85 
  85 
  85 
  50 
  76 
  76 
  77 
  77 
  77 
  51 
  73 
  73 
  74 
  74 
  74 
  51 
  76 
  79 
  79 
  79 
  79 
  51 
  72 
  74 
  75 
  75 
  75 
  52 
  77 
  80 
  80 
  80 
  81 
  52 
  78 
  79 
  80 
  81 
  81 
  51 
  72 
  74 
  75 
  75 
  76 
  50 
  79 
  84 
  85 
  85 
  85 
  51 
  72 
  75 
  77 
  78 
  79 
  51 
  81 
  84 
  85 
  85 
  85 
  52 
  78 
  79 
  79 
  79 
  79 
  52 
  73 
  73 
  73 
  73 
  73 
  48 
  73 
  82 
  82 
  82 
  82 
  51 
  88 
  96 
  99 
 100 
 101 
  49 
  90 
 104 
 107 
 108 
 109 
  51 
  90 
 101 
 106 
 109 
 110 
  51 
  83 
  94 
  97 
  99 
 101 
  52 
  89 
  99 
 101 
 102 
 103 
  52 
  90 
 106 
 110 
 113 
 113 
  51 
  89 
 103 
 105 
 110 
 110 
  51 
  87 
 104 
 112 
 114 
 114 
  50 
  83 
  97 
 100 
 100 
 100 
  52 
  92 
 103 
 105 
 106 
 108 
  50 
  95 
 109 
 113 
 118 
 118 
  51 
  91 
  99 
 101 
 101 
 101 
  51 
  93 
 106 
 110 
 111 
 113 
  50 
  85 
  98 
 100 
 101 
 101 
  51 
  77 
  97 
  98 
 100 
 101 
  50 
  89 
  95 
  97 
  98 
  99 
  52 
  94 
 103 
 106 
 109 
 110 
  51 
  90 
 101 
 104 
 105 
 106 
  51 
  88 
  99 
 101 
 101 
 103 
  50 
  80 
  92 
  97 
  97 
  97 
  51 
  90 
  98 
 102 
 104 
 107 
  49 
  90 
 100 
 107 
 111 
 112 
  49 
  87 
 104 
 104 
 106 
 109 
  52 
  94 
 101 
 104 
 106 
 107 
  51 
  86 
  97 
  98 
 103 
 104 
  49 
  87 
  93 
  93 
  93 
  93 
  50 
  81 
  94 
 101 
 104 
 105 
  51 
  96 
 107 
 108 
 108 
 108 
  49 
  88 
 101 
 106 
 109 
 110 
  52 
  88 
  94 
  97 
  97 
  97 
  52 
  89 
 101 
 109 
 109 
 111 
  50 
  82 
  90 
  97 
  99 
 100 
  52 
  83 
  95 
  99 
 104 
 104 
  50 
  98 
 110 
 114 
 115 
 115 
  50 
  86 
  94 
  99 
 101 
 103 
  51 
  89 
  95 
  98 
 100 
 101 
  52 
  80 
  93 
  96 
  98 
  98 
  48 
  87 
  98 
 101 
 106 
 107 
  48 
  88 
  97 
 102 
 105 
 108 
  52 
  90 
 102 
 106 
 106 
 106 
  51 
  85 
 113 
 121 
 126 
 131 
  52 
  93 
 116 
 131 
 137 
 138 
  52 
  94 
 114 
 118 
 124 
 124 
  51 
  94 
 115 
 128 
 129 
 130 
  49 
  91 
 112 
 121 
 124 
 126 
  51 
  89 
 112 
 119 
 122 
 123 
  52 
  92 
 118 
 124 
 126 
 127 
  50 
  96 
 115 
 127 
 129 
 134 
  48 
  85 
 104 
 116 
 124 
 127 
  50 
  95 
 112 
 114 
 120 
 121 
  50 
  89 
 107 
 125 
 129 
 134 
  49 
  83 
 104 
 118 
 122 
 123 
  47 
  87 
 113 
 127 
 130 
 132 
  51 
  94 
 119 
 130 
 134 
 139 
  50 
  81 
 104 
 119 
 126 
 128 
  51 
  90 
 110 
 119 
 125 
 131 
  49 
  90 
 108 
 117 
 124 
 127 
  49 
  94 
 109 
 117 
 120 
 123 
  51 
  92 
 115 
 124 
 127 
 130 
  44 
  80 
 106 
 117 
 119 
 126 
  49 
  93 
 117 
 125 
 127 
 130 
  51 
  93 
 117 
 129 
 135 
 137 
  51 
  90 
 114 
 120 
 124 
 127 
  50 
  86 
 104 
 113 
 116 
 123 
  49 
  91 
 114 
 121 
 129 
 132 
  48 
  87 
 106 
 113 
 121 
 126 
  50 
  94 
 113 
 119 
 123 
 126 
  51 
  89 
 109 
 116 
 120 
 123 
  49 
  83 
 103 
 113 
 117 
 120 
  52 
  95 
 114 
 121 
 123 
 124 
  52 
  89 
 106 
 117 
 123 
 127 
  50 
  89 
 111 
 122 
 123 
 123 
  50 
  87 
 104 
 121 
 132 
 136 
  52 
  96 
 110 
 113 
 114 
 116 
  51 
  97 
 119 
 127 
 130 
 133 
  51 
  94 
 117 
 124 
 129 
 131 
  51 
  90 
 114 
 122 
 125 
 129 
  51 
  93 
 118 
 128 
 132 
 133 
  51 
  86 
 109 
 118 
 124 
 125 
  49 
  89 
 108 
 118 
 123 
 130 
  45 
  82 
 113 
 128 
 141 
 154 
  48 
  89 
 115 
 135 
 153 
 156 
  49 
  89 
 120 
 139 
 151 
 159 
  50 
  90 
 121 
 136 
 142 
 145 
  52 
  94 
 123 
 135 
 144 
 146 
  47 
  88 
 111 
 129 
 142 
 151 
  50 
  94 
 130 
 143 
 150 
 154 
  50 
  95 
 123 
 127 
 137 
 144 
  50 
  87 
 117 
 136 
 151 
 158 
  50 
  92 
 125 
 137 
 151 
 157 
  46 
  94 
 127 
 144 
 155 
 161 
  46 
  86 
 114 
 136 
 145 
 150 
  50 
  96 
 126 
 136 
 144 
 149 
  45 
  84 
 114 
 126 
 134 
 143 
  52 
  96 
 124 
 143 
 153 
 157 
  49 
  96 
 124 
 134 
 143 
 146 
  47 
  89 
 119 
 138 
 151 
 160 
  48 
  87 
 120 
 137 
 148 
 155 
  47 
  87 
 117 
 131 
 142 
 150 
  49 
  94 
 120 
 136 
 147 
 151 
  47 
  86 
 115 
 134 
 141 
 148 
  48 
  95 
 125 
 136 
 140 
 144 
  51 
  94 
 119 
 127 
 135 
 139 
  50 
  88 
 119 
 135 
 144 
 148 
  47 
  90 
 112 
 124 
 137 
 141 
  51 
  90 
 117 
 135 
 143 
 149 
  47 
  90 
 119 
 137 
 142 
 146 
  50 
  89 
 122 
 140 
 150 
 154 
  50 
  92 
 115 
 130 
 141 
 147 
  51 
  95 
 119 
 131 
 135 
 139 
  48 
  85 
 115 
 138 
 147 
 155 
  49 
  90 
 120 
 137 
 147 
 152 
  46 
  89 
 116 
 131 
 144 
 152 
  45 
  84 
 110 
 132 
 144 
 152 
  50 
  91 
 120 
 139 
 151 
 158 
  50 
  92 
 117 
 128 
 130 
 135 
  46 
  83 
 109 
 131 
 145 
 155 
  48 
  87 
 111 
 130 
 139 
 147 
  50 
  89 
 112 
 132 
 138 
 142 
  48 
  88 
 117 
 136 
 145 
 155 
