  29 
  29 
  29 
  29 
  29 
  29 
  26 
  26 
  26 
  26 
  26 
  26 
  25 
  25 
  25 
  25 
  25 
  25 
  28 
  28 
  28 
  28 
  28 
  28 
  23 
  23 
  23 
  23 
  23 
  23 
  29 
  30 
  30 
  30 
  30 
  30 
  23 
  23 
  23 
  23 
  23 
  23 
  20 
  20 
  20 
  20 
  20 
  20 
  33 
  34 
  34 
  34 
  34 
  34 
  20 
  20 
  20 
  20 
  20 
  20 
  31 
  32 
  32 
  32 
  32 
  32 
  31 
  31 
  31 
  31 
  31 
  31 
  32 
  32 
  32 
  32 
  32 
  32 
  26 
  26 
  26 
  26 
  26 
  26 
  26 
  26 
  26 
  26 
  26 
  26 
  25 
  26 
  26 
  26 
  26 
  26 
  25 
  25 
  25 
  25 
  25 
  25 
  27 
  27 
  27 
  27 
  27 
  27 
  20 
  20 
  20 
  20 
  20 
  20 
  31 
  31 
  31 
  31 
  31 
  31 
  26 
  26 
  26 
  26 
  26 
  26 
  24 
  24 
  24 
  24 
  24 
  24 
  26 
  26 
  26 
  26 
  26 
  26 
  20 
  20 
  20 
  20 
  20 
  20 
  24 
  24 
  24 
  24 
  24 
  24 
  30 
  30 
  30 
  30 
  30 
  30 
  27 
  27 
  27 
  27 
  27 
  27 
  21 
  21 
  21 
  21 
  21 
  21 
  24 
  24 
  24 
  24 
  24 
  24 
  22 
  22 
  22 
  22 
  22 
  22 
  27 
  27 
  27 
  27 
  27 
  27 
  22 
  22 
  22 
  22 
  22 
  22 
  20 
  20 
  20 
  20 
  20 
  20 
  26 
  26 
  26 
  26 
  26 
  26 
  26 
  26 
  26 
  26 
  26 
  26 
  19 
  19 
  19 
  19 
  19 
  19 
  35 
  35 
  35 
  35 
  35 
  35 
  29 
  29 
  29 
  29 
  29 
  29 
  19 
  19 
  19 
  19 
  19 
  19 
  29 
  29 
  30 
  30 
  30 
  30 
  49 
  51 
  51 
  51 
  51 
  51 
  47 
  48 
  48 
  48 
  48 
  48 
  47 
  47 
  47 
  47 
  47 
  47 
  47 
  51 
  52 
  52 
  52 
  52 
  42 
  42 
  42 
  42 
  42 
  42 
  44 
  44 
  44 
  44 
  44 
  44 
  48 
  51 
  51 
  51 
  51 
  51 
  48 
  51 
  51 
  51 
  51 
  51 
  48 
  48 
  48 
  48 
  48 
  48 
  52 
  61 
  61 
  61 
  61 
  61 
  47 
  52 
  52 
  52 
  52 
  52 
  49 
  50 
  50 
  50 
  50 
  50 
  49 
  56 
  58 
  58 
  58 
  58 
  41 
  41 
  41 
  41 
  41 
  41 
  47 
  52 
  53 
  53 
  53 
  53 
  43 
  47 
  47 
  47 
  47 
  47 
  46 
  46 
  46 
  46 
  46 
  46 
  49 
  57 
  58 
  58 
  58 
  58 
  44 
  47 
  47 
  47 
  47 
  47 
  39 
  39 
  39 
  40 
  40 
  40 
  50 
  53 
  53 
  53 
  53 
  53 
  46 
  48 
  48 
  48 
  48 
  48 
  48 
  54 
  55 
  55 
  55 
  55 
  45 
  53 
  53 
  55 
  55 
  56 
  48 
  54 
  54 
  54 
  54 
  54 
  49 
  55 
  55 
  55 
  55 
  55 
  52 
  57 
  57 
  57 
  57 
  57 
  43 
  45 
  45 
  45 
  45 
  45 
  49 
  54 
  55 
  55 
  55 
  55 
  47 
  50 
  50 
  50 
  50 
  50 
  47 
  52 
  52 
  52 
  52 
  52 
  47 
  48 
  48 
  48 
  48 
  48 
  52 
  59 
  60 
  61 
  61 
  61 
  40 
  41 
  41 
  41 
  41 
  41 
  45 
  46 
  46 
  46 
  46 
  46 
  51 
  52 
  53 
  53 
  53 
  53 
  49 
  51 
  51 
  51 
  51 
  51 
  34 
  36 
  37 
  37 
  37 
  37 
  44 
  49 
  49 
  49 
  49 
  49 
  38 
  41 
  41 
  41 
  41 
  41 
  52 
  74 
  75 
  75 
  75 
  75 
  52 
  71 
  73 
  73 
  73 
  73 
  52 
  70 
  71 
  71 
  71 
  71 
  51 
  79 
  81 
  83 
  83 
  83 
  51 
  61 
  62 
  62 
  62 
  62 
  51 
  79 
  80 
  80 
  81 
  81 
  51 
  75 
  76 
  76 
  76 
  77 
  52 
  78 
  78 
  78 
  78 
  78 
  51 
  78 
  78 
  79 
  79 
  79 
  50 
  70 
  71 
  71 
  71 
  71 
  52 
  69 
  70 
  70 
  70 
  70 
  52 
  69 
  69 
  69 
  69 
  69 
  52 
  74 
  75 
  75 
  75 
  75 
  52 
  69 
  70 
  70 
  70 
  70 
  52 
  78 
  78 
  79 
  79 
  79 
  52 
  76 
  77 
  77 
  77 
  77 
  52 
  71 
  76 
  77 
  77 
  78 
  52 
  80 
  82 
  82 
  82 
  82 
  52 
  71 
  72 
  72 
  72 
  72 
  52 
  81 
  82 
  82 
  82 
  82 
  49 
  70 
  71 
  71 
  71 
  71 
  51 
  77 
  78 
  79 
  79 
  79 
  52 
  73 
  74 
  74 
  74 
  74 
  48 
  72 
  77 
  77 
  77 
  77 
  52 
  78 
  81 
  82 
  82 
  82 
  52 
  70 
  70 
  70 
  70 
  70 
  52 
  70 
  71 
  71 
  71 
  71 
  52 
  77 
  78 
  78 
  79 
  79 
  52 
  82 
  82 
  82 
  82 
  82 
  52 
  74 
  76 
  76 
  77 
  77 
  52 
  78 
  81 
  81 
  81 
  81 
  52 
  71 
  73 
  75 
  75 
  75 
  51 
  72 
  75 
  75 
  75 
  75 
  51 
  75 
  77 
  78 
  79 
  79 
  52 
  71 
  71 
  71 
  71 
  71 
  52 
  71 
  74 
  77 
  77 
  77 
  52 
  68 
  71 
  71 
  71 
  71 
  51 
  75 
  77 
  77 
  77 
  77 
  51 
  80 
  81 
  82 
  83 
  83 
  49 
  71 
  73 
  74 
  74 
  74 
  49 
  89 
  99 
 105 
 106 
 107 
  52 
  87 
  93 
  96 
  96 
  96 
  52 
  90 
  94 
  95 
  97 
  97 
  52 
  98 
 107 
 107 
 107 
 107 
  52 
  95 
  99 
 102 
 103 
 103 
  51 
  84 
  91 
  93 
  93 
  93 
  52 
  88 
  97 
  97 
  98 
  98 
  51 
  87 
  91 
  94 
  94 
  94 
  52 
  97 
 105 
 107 
 107 
 107 
  52 
  91 
  92 
  95 
  97 
  97 
  52 
  83 
  85 
  85 
  86 
  86 
  51 
  95 
 103 
 104 
 104 
 105 
  52 
  89 
  93 
  93 
  94 
  94 
  52 
  91 
 101 
 102 
 102 
 103 
  51 
  96 
 103 
 104 
 104 
 106 
  52 
  90 
 102 
 104 
 105 
 106 
  51 
  85 
  93 
  97 
  97 
  97 
  52 
  87 
  99 
  99 
 100 
 100 
  52 
  96 
 104 
 105 
 105 
 105 
  49 
  87 
 102 
 106 
 108 
 109 
  52 
  95 
  98 
  99 
  99 
  99 
  52 
  88 
  92 
  92 
  92 
  92 
  51 
  92 
  98 
  98 
  98 
  98 
  52 
  92 
  97 
  98 
 100 
 100 
  51 
  93 
  99 
 100 
 100 
 101 
  52 
  93 
 109 
 113 
 115 
 115 
  52 
  84 
  96 
  99 
 102 
 102 
  52 
  96 
  98 
  99 
  99 
  99 
  52 
  82 
  84 
  87 
  89 
  90 
  51 
  95 
 107 
 108 
 111 
 111 
  52 
  91 
  94 
  94 
  95 
  95 
  51 
  92 
 101 
 104 
 105 
 106 
  52 
  92 
  97 
 100 
 102 
 102 
  51 
  80 
  86 
  89 
  89 
  90 
  52 
  88 
  99 
  99 
 100 
 103 
  52 
  95 
 103 
 104 
 105 
 105 
  52 
  94 
 101 
 104 
 105 
 106 
  52 
  88 
  92 
  96 
  99 
  99 
  52 
  85 
  91 
  95 
  99 
  99 
  52 
  89 
  95 
  97 
  98 
  99 
  50 
  91 
 106 
 112 
 113 
 116 
  52 
  98 
 113 
 115 
 115 
 115 
  51 
  96 
 113 
 121 
 123 
 127 
  50 
  92 
 113 
 116 
 120 
 123 
  52 
  96 
 123 
 128 
 128 
 130 
  51 
  98 
 121 
 127 
 128 
 130 
  52 
 100 
 118 
 122 
 122 
 123 
  52 
  98 
 112 
 117 
 119 
 119 
  51 
  95 
 116 
 121 
 124 
 126 
  50 
  94 
 120 
 126 
 131 
 136 
  51 
  98 
 111 
 116 
 117 
 119 
  52 
 100 
 117 
 123 
 124 
 127 
  49 
  91 
 107 
 113 
 118 
 124 
  51 
  96 
 112 
 117 
 118 
 119 
  51 
  98 
 116 
 121 
 122 
 123 
  50 
  94 
 114 
 119 
 122 
 122 
  52 
  92 
 113 
 124 
 127 
 132 
  51 
  98 
 116 
 123 
 125 
 128 
  52 
  95 
 115 
 117 
 117 
 118 
  50 
  90 
 109 
 117 
 123 
 125 
  51 
 100 
 115 
 118 
 120 
 121 
  51 
  95 
 108 
 112 
 114 
 114 
  52 
 100 
 122 
 124 
 125 
 127 
  51 
  97 
 112 
 117 
 119 
 121 
  52 
  96 
 115 
 120 
 120 
 120 
  52 
  99 
 116 
 118 
 119 
 123 
  51 
  91 
 115 
 123 
 128 
 130 
  51 
  98 
 122 
 128 
 131 
 132 
  51 
 102 
 129 
 132 
 135 
 135 
  52 
 100 
 121 
 123 
 128 
 130 
  51 
  93 
 114 
 120 
 126 
 127 
  52 
  97 
 126 
 131 
 131 
 131 
  52 
  98 
 112 
 116 
 117 
 117 
  51 
  93 
 109 
 122 
 128 
 130 
  52 
  99 
 116 
 119 
 120 
 122 
  52 
  98 
 115 
 120 
 120 
 120 
  51 
  99 
 111 
 116 
 119 
 121 
  52 
 101 
 117 
 121 
 122 
 122 
  51 
  95 
 119 
 125 
 128 
 130 
  52 
  99 
 121 
 123 
 123 
 125 
  51 
  96 
 118 
 127 
 132 
 133 
  52 
 100 
 122 
 133 
 133 
 136 
  51 
  96 
 114 
 123 
 125 
 129 
  52 
  95 
 121 
 136 
 143 
 147 
  50 
  98 
 127 
 137 
 142 
 148 
  52 
  90 
 119 
 132 
 137 
 141 
  49 
  91 
 118 
 128 
 137 
 141 
  52 
  92 
 120 
 134 
 142 
 146 
  52 
  98 
 116 
 125 
 129 
 132 
  50 
  94 
 118 
 131 
 137 
 139 
  49 
  94 
 114 
 123 
 127 
 128 
  50 
  95 
 124 
 133 
 139 
 140 
  47 
  90 
 119 
 133 
 141 
 147 
  51 
  92 
 124 
 136 
 141 
 145 
  51 
  97 
 117 
 131 
 134 
 135 
  52 
  90 
 116 
 139 
 150 
 154 
  51 
 100 
 128 
 133 
 134 
 135 
  52 
 100 
 123 
 129 
 133 
 136 
  50 
  90 
 119 
 133 
 138 
 142 
  52 
  97 
 117 
 121 
 124 
 129 
  52 
 100 
 132 
 146 
 150 
 152 
  51 
  95 
 125 
 139 
 147 
 149 
  52 
  96 
 123 
 142 
 145 
 151 
  52 
  99 
 133 
 139 
 144 
 146 
  49 
  96 
 127 
 140 
 150 
 152 
  50 
  93 
 122 
 141 
 146 
 147 
  50 
  97 
 122 
 139 
 152 
 156 
  51 
  96 
 126 
 138 
 140 
 142 
  50 
  96 
 126 
 135 
 141 
 149 
  50 
  97 
 124 
 136 
 143 
 148 
  50 
  91 
 120 
 135 
 137 
 137 
  49 
  91 
 115 
 130 
 140 
 143 
  50 
  94 
 126 
 135 
 138 
 141 
  51 
  97 
 125 
 135 
 144 
 146 
  52 
  99 
 121 
 132 
 137 
 139 
  51 
  87 
 116 
 131 
 147 
 153 
  48 
  82 
 109 
 127 
 131 
 133 
  52 
  94 
 122 
 138 
 147 
 149 
  48 
  96 
 125 
 137 
 148 
 154 
  49 
  90 
 118 
 131 
 136 
 140 
