 171 
 171 
 171 
 171 
 171 
 171 
 184 
 184 
 184 
 184 
 184 
 184 
 176 
 176 
 176 
 176 
 176 
 176 
 173 
 173 
 173 
 173 
 173 
 173 
 176 
 177 
 177 
 177 
 177 
 177 
 184 
 185 
 185 
 185 
 185 
 185 
 175 
 176 
 176 
 176 
 176 
 176 
 180 
 180 
 180 
 180 
 180 
 180 
 176 
 176 
 176 
 176 
 176 
 176 
 181 
 181 
 181 
 181 
 181 
 181 
 178 
 178 
 178 
 178 
 178 
 178 
 180 
 181 
 181 
 181 
 181 
 181 
 176 
 176 
 176 
 176 
 176 
 176 
 181 
 182 
 182 
 182 
 182 
 182 
 174 
 174 
 174 
 174 
 174 
 174 
 178 
 178 
 178 
 178 
 178 
 178 
 180 
 180 
 180 
 180 
 180 
 180 
 181 
 181 
 181 
 181 
 181 
 181 
 175 
 175 
 175 
 175 
 175 
 175 
 170 
 171 
 171 
 171 
 171 
 171 
 171 
 172 
 172 
 172 
 172 
 172 
 177 
 177 
 177 
 177 
 177 
 177 
 177 
 177 
 177 
 177 
 177 
 177 
 178 
 178 
 178 
 178 
 178 
 178 
 183 
 183 
 183 
 183 
 183 
 183 
 174 
 174 
 174 
 174 
 174 
 174 
 178 
 178 
 178 
 178 
 178 
 178 
 179 
 179 
 179 
 179 
 179 
 179 
 185 
 185 
 185 
 185 
 185 
 185 
 189 
 189 
 189 
 189 
 189 
 189 
 175 
 176 
 176 
 176 
 176 
 176 
 176 
 176 
 176 
 176 
 176 
 176 
 167 
 167 
 167 
 167 
 167 
 167 
 175 
 177 
 177 
 177 
 177 
 177 
 182 
 183 
 183 
 183 
 183 
 183 
 164 
 165 
 165 
 165 
 165 
 165 
 177 
 177 
 177 
 177 
 177 
 177 
 184 
 185 
 185 
 185 
 185 
 185 
 182 
 182 
 182 
 182 
 182 
 182 
 178 
 179 
 180 
 180 
 180 
 180 
 205 
 360 
 363 
 363 
 363 
 363 
 205 
 362 
 364 
 364 
 364 
 364 
 205 
 353 
 354 
 356 
 356 
 356 
 205 
 354 
 355 
 355 
 355 
 356 
 205 
 346 
 348 
 348 
 348 
 348 
 205 
 360 
 364 
 365 
 365 
 365 
 205 
 343 
 344 
 344 
 344 
 344 
 205 
 356 
 359 
 359 
 359 
 359 
 205 
 364 
 367 
 367 
 368 
 368 
 205 
 350 
 351 
 352 
 352 
 352 
 205 
 356 
 357 
 357 
 357 
 357 
 205 
 347 
 348 
 352 
 352 
 352 
 205 
 353 
 354 
 356 
 356 
 356 
 205 
 349 
 350 
 351 
 351 
 351 
 205 
 352 
 354 
 355 
 355 
 355 
 205 
 336 
 336 
 336 
 336 
 336 
 205 
 358 
 360 
 361 
 361 
 362 
 205 
 356 
 356 
 356 
 356 
 356 
 205 
 357 
 357 
 357 
 357 
 357 
 205 
 361 
 363 
 364 
 364 
 365 
 205 
 355 
 355 
 355 
 355 
 355 
 205 
 361 
 363 
 363 
 363 
 363 
 205 
 350 
 350 
 351 
 351 
 351 
 205 
 358 
 359 
 359 
 359 
 360 
 205 
 352 
 355 
 355 
 355 
 355 
 205 
 355 
 355 
 355 
 355 
 355 
 205 
 346 
 347 
 347 
 347 
 347 
 205 
 366 
 366 
 366 
 366 
 366 
 205 
 351 
 352 
 352 
 352 
 352 
 205 
 353 
 353 
 353 
 353 
 353 
 205 
 362 
 362 
 362 
 362 
 362 
 205 
 352 
 353 
 353 
 354 
 354 
 205 
 351 
 352 
 352 
 352 
 352 
 205 
 351 
 351 
 351 
 351 
 351 
 205 
 354 
 355 
 355 
 355 
 355 
 205 
 352 
 354 
 354 
 354 
 354 
 205 
 346 
 348 
 348 
 348 
 348 
 205 
 348 
 348 
 348 
 348 
 348 
 205 
 364 
 364 
 365 
 365 
 365 
 205 
 348 
 349 
 349 
 349 
 349 
 205 
 410 
 522 
 523 
 523 
 523 
 205 
 410 
 529 
 531 
 532 
 532 
 205 
 410 
 529 
 537 
 537 
 538 
 205 
 410 
 520 
 522 
 523 
 523 
 205 
 410 
 535 
 539 
 542 
 543 
 205 
 410 
 534 
 536 
 536 
 536 
 205 
 409 
 524 
 531 
 531 
 531 
 205 
 410 
 542 
 546 
 548 
 549 
 205 
 410 
 540 
 545 
 545 
 546 
 205 
 409 
 533 
 533 
 533 
 533 
 205 
 410 
 540 
 546 
 546 
 546 
 205 
 410 
 528 
 533 
 534 
 534 
 205 
 410 
 526 
 531 
 532 
 532 
 205 
 409 
 534 
 539 
 540 
 541 
 205 
 410 
 530 
 537 
 540 
 540 
 205 
 408 
 521 
 524 
 526 
 529 
 205 
 408 
 527 
 531 
 531 
 532 
 205 
 408 
 524 
 526 
 526 
 526 
 205 
 410 
 530 
 535 
 536 
 536 
 205 
 410 
 540 
 540 
 541 
 541 
 205 
 410 
 527 
 531 
 531 
 533 
 205 
 410 
 518 
 518 
 519 
 519 
 205 
 410 
 548 
 550 
 550 
 550 
 205 
 410 
 527 
 531 
 534 
 534 
 205 
 410 
 537 
 539 
 539 
 539 
 205 
 409 
 536 
 546 
 547 
 548 
 205 
 410 
 531 
 533 
 533 
 534 
 205 
 410 
 527 
 531 
 531 
 531 
 205 
 410 
 534 
 534 
 535 
 537 
 205 
 406 
 518 
 521 
 521 
 523 
 205 
 410 
 525 
 528 
 528 
 528 
 205 
 410 
 527 
 529 
 530 
 530 
 205 
 410 
 524 
 529 
 529 
 530 
 205 
 410 
 531 
 534 
 534 
 534 
 204 
 408 
 523 
 531 
 535 
 535 
 205 
 409 
 531 
 540 
 540 
 540 
 205 
 410 
 521 
 525 
 526 
 527 
 204 
 409 
 520 
 524 
 525 
 525 
 205 
 410 
 531 
 534 
 534 
 534 
 205 
 410 
 530 
 533 
 533 
 535 
 205 
 410 
 612 
 701 
 709 
 710 
 205 
 410 
 611 
 697 
 702 
 702 
 205 
 409 
 610 
 703 
 708 
 712 
 205 
 408 
 604 
 688 
 697 
 701 
 205 
 410 
 611 
 695 
 699 
 702 
 205 
 410 
 611 
 703 
 712 
 714 
 205 
 410 
 609 
 684 
 695 
 699 
 205 
 410 
 612 
 694 
 697 
 701 
 204 
 407 
 609 
 698 
 708 
 710 
 204 
 408 
 608 
 688 
 701 
 703 
 205 
 409 
 608 
 689 
 697 
 699 
 205 
 410 
 608 
 690 
 697 
 699 
 205 
 410 
 608 
 689 
 694 
 694 
 205 
 410 
 610 
 685 
 688 
 690 
 205 
 409 
 594 
 664 
 675 
 676 
 205 
 409 
 612 
 713 
 724 
 727 
 205 
 410 
 611 
 703 
 711 
 715 
 205 
 410 
 612 
 696 
 702 
 703 
 205 
 410 
 614 
 698 
 705 
 707 
 205 
 409 
 608 
 689 
 698 
 698 
 205 
 408 
 598 
 681 
 694 
 699 
 205 
 409 
 614 
 705 
 709 
 712 
 205 
 409 
 614 
 702 
 705 
 707 
 205 
 409 
 612 
 698 
 707 
 710 
 205 
 409 
 610 
 706 
 712 
 716 
 205 
 410 
 610 
 684 
 697 
 699 
 205 
 409 
 610 
 705 
 712 
 716 
 205 
 408 
 609 
 699 
 713 
 714 
 205 
 410 
 614 
 714 
 720 
 722 
 205 
 410 
 610 
 684 
 693 
 696 
 205 
 410 
 611 
 693 
 703 
 706 
 205 
 410 
 611 
 709 
 719 
 723 
 205 
 410 
 613 
 695 
 699 
 700 
 205 
 410 
 611 
 706 
 713 
 714 
 205 
 410 
 615 
 709 
 713 
 716 
 205 
 410 
 612 
 709 
 717 
 720 
 205 
 409 
 611 
 697 
 704 
 709 
 205 
 410 
 612 
 698 
 702 
 705 
 204 
 409 
 603 
 701 
 711 
 714 
 205 
 409 
 606 
 701 
 710 
 710 
 205 
 410 
 610 
 790 
 860 
 875 
 205 
 408 
 607 
 779 
 846 
 866 
 205 
 409 
 612 
 798 
 855 
 869 
 205 
 410 
 612 
 802 
 870 
 887 
 205 
 410 
 613 
 790 
 843 
 861 
 205 
 408 
 611 
 796 
 876 
 891 
 205 
 409 
 610 
 788 
 862 
 879 
 205 
 410 
 609 
 785 
 852 
 864 
 205 
 410 
 612 
 790 
 860 
 870 
 205 
 409 
 612 
 796 
 859 
 870 
 205 
 406 
 608 
 787 
 860 
 871 
 205 
 409 
 610 
 790 
 859 
 878 
 205 
 409 
 609 
 779 
 857 
 879 
 204 
 409 
 608 
 788 
 853 
 865 
 205 
 410 
 612 
 792 
 854 
 867 
 205 
 409 
 608 
 783 
 856 
 867 
 205 
 410 
 615 
 803 
 853 
 868 
 205 
 408 
 607 
 780 
 832 
 849 
 205 
 409 
 612 
 805 
 883 
 892 
 204 
 409 
 608 
 791 
 854 
 865 
 205 
 408 
 609 
 773 
 837 
 863 
 204 
 407 
 610 
 787 
 858 
 874 
 205 
 409 
 613 
 796 
 870 
 875 
 204 
 409 
 610 
 778 
 855 
 870 
 205 
 410 
 614 
 791 
 849 
 869 
 205 
 409 
 609 
 792 
 859 
 873 
 205 
 407 
 610 
 780 
 842 
 872 
 205 
 409 
 610 
 779 
 840 
 858 
 204 
 409 
 608 
 784 
 849 
 868 
 203 
 408 
 610 
 802 
 861 
 880 
 204 
 408 
 606 
 779 
 838 
 855 
 205 
 410 
 610 
 794 
 860 
 873 
 205 
 410 
 613 
 801 
 873 
 883 
 205 
 410 
 608 
 782 
 864 
 881 
 205 
 407 
 608 
 774 
 832 
 854 
 205 
 410 
 609 
 775 
 852 
 869 
 205 
 409 
 612 
 800 
 870 
 892 
 205 
 409 
 611 
 786 
 854 
 866 
 205 
 408 
 613 
 793 
 846 
 869 
 204 
 406 
 605 
 777 
 846 
 859 
 203 
 405 
 602 
 792 
 944 
 1004
 205 
 409 
 607 
 792 
 937 
 1004
 203 
 406 
 604 
 791 
 923 
 974 
 203 
 403 
 602 
 787 
 934 
 991 
 205 
 406 
 602 
 787 
 937 
 992 
 203 
 403 
 605 
 799 
 950 
 1002
 204 
 405 
 601 
 787 
 916 
 986 
 203 
 407 
 611 
 806 
 948 
 1017
 203 
 406 
 607 
 800 
 946 
 998 
 202 
 407 
 600 
 786 
 937 
 1003
 203 
 406 
 603 
 778 
 903 
 971 
 201 
 403 
 603 
 784 
 914 
 981 
 203 
 404 
 605 
 799 
 931 
 977 
 202 
 405 
 606 
 795 
 942 
 1014
 205 
 406 
 608 
 793 
 933 
 996 
 205 
 409 
 612 
 790 
 935 
 1010
 204 
 405 
 603 
 790 
 947 
 1003
 205 
 407 
 606 
 799 
 930 
 1011
 201 
 399 
 597 
 784 
 925 
 994 
 201 
 405 
 604 
 798 
 958 
 1012
 205 
 409 
 607 
 793 
 925 
 988 
 202 
 402 
 596 
 770 
 911 
 973 
 203 
 407 
 609 
 796 
 936 
 988 
 204 
 404 
 603 
 784 
 919 
 994 
 203 
 407 
 600 
 777 
 915 
 992 
 205 
 407 
 609 
 798 
 926 
 988 
 204 
 405 
 608 
 795 
 923 
 986 
 204 
 407 
 608 
 809 
 960 
 1006
 203 
 406 
 605 
 791 
 928 
 984 
 203 
 406 
 609 
 795 
 946 
 998 
 205 
 406 
 607 
 795 
 937 
 1003
 204 
 409 
 609 
 796 
 944 
 1016
 204 
 407 
 605 
 782 
 896 
 965 
 201 
 402 
 605 
 792 
 939 
 994 
 205 
 409 
 607 
 795 
 939 
 1008
 204 
 406 
 609 
 796 
 942 
 1014
 203 
 404 
 595 
 780 
 906 
 971 
 202 
 404 
 605 
 795 
 940 
 996 
 203 
 406 
 608 
 796 
 929 
 1000
 205 
 406 
 608 
 797 
 931 
 977 
