   2 
   4 
   5 
   8 
   8 
  10 
   1 
   2 
   2 
   3 
   5 
   6 
   1 
   1 
   2 
   3 
   7 
   9 
   1 
   4 
   7 
   8 
   9 
  10 
   1 
   2 
   6 
   6 
   7 
   9 
   1 
   4 
   6 
   6 
   7 
   7 
   0 
   1 
   1 
   1 
   2 
   5 
   1 
   1 
   2 
   6 
   7 
   8 
   2 
   3 
   5 
   8 
   8 
  10 
   0 
   2 
   3 
   5 
   7 
   8 
   4 
   4 
   5 
   9 
  12 
  14 
   2 
   3 
   4 
   5 
   6 
   6 
   1 
   3 
   5 
   7 
   9 
  11 
   0 
   1 
   4 
   5 
   6 
   7 
   1 
   1 
   3 
   6 
   6 
   6 
   3 
   3 
   5 
   5 
   6 
   6 
   0 
   2 
   4 
   5 
   5 
   5 
   3 
   4 
   5 
   7 
   8 
   9 
   5 
   6 
   7 
   9 
   9 
  10 
   2 
   5 
   6 
   7 
   9 
  11 
   2 
   3 
   5 
   6 
   9 
  10 
   1 
   2 
   5 
   6 
   7 
   7 
   0 
   2 
   3 
   5 
  10 
  10 
   0 
   2 
   6 
   7 
   8 
   8 
   1 
   2 
   2 
   2 
   3 
   3 
   1 
   1 
   1 
   4 
   9 
  11 
   0 
   3 
   3 
   3 
   4 
   8 
   1 
   2 
   3 
   3 
   6 
   9 
   1 
   5 
   5 
   7 
   8 
   8 
   1 
   1 
   2 
   4 
   4 
   6 
   0 
   0 
   1 
   1 
   3 
   5 
   0 
   1 
   2 
   3 
   4 
   7 
   1 
   2 
   2 
   2 
   3 
   5 
   0 
   0 
   2 
   4 
   5 
   8 
   2 
   3 
   5 
   7 
   7 
   9 
   0 
   1 
   1 
   2 
   3 
   3 
   0 
   5 
   6 
   9 
  13 
  14 
   3 
   3 
   5 
   5 
   6 
  10 
   1 
   1 
   3 
   6 
   7 
   7 
   2 
   3 
   4 
   6 
   7 
   8 
   5 
   9 
  13 
  13 
  13 
  15 
   3 
   4 
   5 
   7 
   9 
  10 
   1 
   3 
   3 
   6 
   8 
  10 
   4 
   4 
   6 
   9 
  14 
  18 
   2 
   3 
   5 
   6 
  10 
  12 
   3 
   5 
   7 
  10 
  11 
  11 
   3 
   4 
   5 
   7 
   9 
  10 
   1 
   4 
   5 
   8 
  11 
  16 
   1 
   3 
   6 
   7 
  10 
  14 
   1 
   4 
   6 
   9 
  10 
  13 
   3 
   6 
   6 
  10 
  13 
  14 
   5 
   7 
  10 
  11 
  13 
  17 
   4 
   6 
   9 
  16 
  20 
  23 
   0 
   2 
   3 
   6 
   7 
   9 
   3 
   5 
   7 
  10 
  14 
  17 
   4 
   7 
  11 
  12 
  16 
  17 
   2 
   6 
   9 
  12 
  14 
  18 
   1 
   2 
   7 
   8 
  11 
  16 
   2 
   2 
   4 
   5 
  10 
  11 
   1 
   3 
   7 
  10 
  14 
  17 
   4 
   4 
   5 
   7 
   9 
  12 
   3 
   9 
  11 
  14 
  18 
  20 
   1 
   6 
   8 
  12 
  14 
  15 
   5 
   7 
   8 
  15 
  18 
  19 
   3 
   4 
   5 
   7 
   9 
  10 
   2 
   5 
   9 
  11 
  19 
  21 
   3 
   6 
   9 
  11 
  14 
  18 
   1 
   4 
   6 
   8 
  12 
  12 
   1 
   3 
   6 
   9 
   9 
  11 
   2 
   4 
   8 
  11 
  17 
  20 
   3 
   6 
  12 
  13 
  17 
  21 
   5 
   6 
   8 
   9 
   9 
   9 
   4 
   6 
  10 
  13 
  16 
  21 
   1 
   3 
   3 
   6 
   9 
  11 
   0 
   1 
   7 
  10 
  13 
  16 
   1 
   4 
   4 
   8 
  15 
  17 
   1 
   1 
   4 
   8 
  10 
  12 
   1 
   3 
   4 
   7 
   9 
  10 
   2 
   5 
   8 
  10 
  14 
  17 
   1 
   3 
   4 
   7 
  11 
  12 
   5 
  14 
  17 
  21 
  22 
  22 
   2 
   4 
   9 
  14 
  17 
  24 
   5 
   9 
  14 
  16 
  24 
  27 
   3 
   8 
  14 
  18 
  22 
  29 
   3 
   5 
   6 
  12 
  12 
  15 
   5 
  11 
  16 
  19 
  21 
  25 
   4 
   7 
  13 
  16 
  21 
  22 
   7 
  10 
  13 
  17 
  20 
  23 
   2 
   8 
   9 
  14 
  19 
  21 
   2 
   6 
   8 
  11 
  17 
  22 
   2 
   6 
  10 
  12 
  15 
  18 
   2 
   5 
  10 
  15 
  19 
  21 
   1 
   6 
   9 
  11 
  17 
  22 
   3 
   5 
  12 
  17 
  19 
  22 
   1 
   4 
   9 
  11 
  15 
  17 
   4 
   6 
  11 
  12 
  17 
  18 
   5 
   8 
  17 
  18 
  21 
  25 
   8 
  15 
  17 
  22 
  28 
  30 
   0 
   6 
  12 
  14 
  17 
  20 
   4 
   8 
  13 
  15 
  19 
  22 
   5 
   8 
  10 
  11 
  18 
  22 
   8 
  12 
  16 
  22 
  25 
  30 
   4 
   6 
  10 
  11 
  15 
  16 
   5 
   7 
  12 
  15 
  18 
  19 
   2 
   5 
  10 
  16 
  20 
  23 
   4 
   6 
   9 
  12 
  18 
  20 
   8 
  10 
  14 
  17 
  19 
  23 
   6 
   8 
  12 
  20 
  22 
  26 
   3 
   6 
   8 
  12 
  13 
  18 
   7 
  13 
  16 
  20 
  25 
  29 
   6 
   9 
  12 
  16 
  17 
  19 
   8 
  12 
  16 
  20 
  24 
  28 
   4 
   8 
  12 
  14 
  20 
  25 
   3 
   5 
  14 
  16 
  20 
  29 
   4 
   6 
  12 
  15 
  17 
  20 
   4 
  10 
  13 
  18 
  20 
  25 
   3 
   7 
  11 
  15 
  17 
  20 
   4 
   5 
   7 
  11 
  14 
  19 
   6 
   8 
  13 
  18 
  21 
  29 
   3 
   7 
  12 
  16 
  16 
  19 
   1 
   2 
   8 
  14 
  18 
  24 
   2 
   5 
  12 
  19 
  24 
  30 
   9 
  11 
  12 
  17 
  24 
  28 
   6 
  13 
  16 
  20 
  28 
  33 
   9 
  17 
  23 
  24 
  30 
  35 
   7 
  12 
  21 
  27 
  30 
  36 
   5 
  12 
  20 
  25 
  32 
  34 
   0 
   3 
   9 
  14 
  20 
  25 
   1 
   8 
  13 
  17 
  22 
  29 
   7 
  10 
  15 
  18 
  27 
  30 
   2 
   3 
   5 
   7 
  12 
  19 
   6 
  13 
  22 
  26 
  31 
  35 
   3 
   7 
  13 
  17 
  19 
  23 
   4 
   8 
  10 
  14 
  18 
  20 
  10 
  14 
  24 
  28 
  37 
  42 
   3 
   6 
  12 
  15 
  21 
  29 
   5 
  13 
  19 
  25 
  28 
  31 
   8 
  14 
  18 
  22 
  26 
  31 
   2 
   7 
  15 
  20 
  25 
  30 
   3 
  10 
  13 
  20 
  22 
  31 
   3 
   8 
  13 
  18 
  19 
  22 
   5 
   7 
  14 
  17 
  19 
  21 
   9 
  13 
  15 
  20 
  22 
  28 
   6 
   8 
  14 
  17 
  23 
  26 
   6 
  11 
  15 
  20 
  24 
  30 
   6 
   9 
  14 
  16 
  24 
  29 
   6 
  16 
  17 
  19 
  26 
  32 
   3 
   8 
  14 
  19 
  23 
  27 
   4 
   9 
  13 
  20 
  22 
  28 
   9 
  14 
  16 
  21 
  26 
  29 
   7 
  12 
  18 
  20 
  25 
  30 
   4 
  10 
  16 
  20 
  29 
  35 
   5 
  13 
  18 
  23 
  27 
  27 
   1 
   7 
   9 
  11 
  20 
  23 
  12 
  16 
  20 
  26 
  33 
  37 
   6 
  13 
  19 
  21 
  28 
  35 
   6 
  13 
  18 
  19 
  21 
  25 
   2 
  10 
  13 
  18 
  24 
  35 
   5 
  10 
  17 
  20 
  23 
  24 
   3 
  12 
  15 
  18 
  22 
  24 
   9 
  15 
  24 
  30 
  33 
  37 
   3 
   8 
  14 
  17 
  24 
  30 
   6 
   8 
  15 
  22 
  29 
  37 
   4 
  13 
  19 
  24 
  31 
  43 
  10 
  18 
  24 
  33 
  42 
  45 
   6 
  16 
  25 
  28 
  39 
  45 
   8 
  13 
  22 
  32 
  36 
  38 
   6 
  13 
  21 
  27 
  31 
  35 
   7 
  13 
  19 
  26 
  32 
  38 
   7 
  12 
  18 
  32 
  41 
  48 
   6 
  11 
  19 
  24 
  32 
  39 
   6 
  13 
  22 
  35 
  38 
  45 
   4 
  12 
  17 
  23 
  29 
  40 
   5 
   9 
  12 
  17 
  23 
  29 
  10 
  18 
  24 
  31 
  35 
  42 
   6 
  10 
  17 
  28 
  36 
  43 
   4 
  10 
  15 
  21 
  29 
  37 
  13 
  20 
  24 
  30 
  36 
  41 
   8 
  16 
  23 
  28 
  33 
  37 
   2 
   7 
  13 
  21 
  27 
  34 
   8 
  14 
  20 
  26 
  32 
  38 
   7 
  14 
  20 
  28 
  38 
  42 
   4 
   7 
  13 
  20 
  29 
  35 
   9 
  13 
  21 
  29 
  33 
  40 
   6 
  14 
  18 
  27 
  33 
  44 
   6 
  15 
  24 
  31 
  36 
  43 
   6 
  14 
  17 
  22 
  29 
  36 
   8 
  14 
  22 
  29 
  34 
  38 
   5 
  14 
  22 
  30 
  34 
  40 
   7 
  11 
  16 
  18 
  26 
  27 
   4 
  10 
  16 
  23 
  31 
  36 
   4 
  10 
  16 
  22 
  30 
  37 
   8 
  16 
  24 
  34 
  36 
  41 
   4 
  12 
  19 
  21 
  28 
  35 
   3 
  13 
  18 
  22 
  27 
  32 
  11 
  17 
  23 
  29 
  37 
  40 
   3 
   5 
  11 
  17 
  20 
  26 
   2 
   9 
  16 
  21 
  29 
  41 
  10 
  18 
  29 
  36 
  40 
  45 
   3 
  10 
  22 
  28 
  35 
  43 
   6 
   7 
  14 
  23 
  31 
  39 
   3 
   7 
  21 
  29 
  37 
  43 
   5 
  12 
  18 
  27 
  36 
  41 
   9 
  14 
  20 
  27 
  38 
  46 
  12 
  22 
  27 
  35 
  38 
  46 
   4 
   8 
  13 
  21 
  29 
  37 
   9 
  17 
  24 
  35 
  42 
  49 
   9 
  18 
  23 
  33 
  46 
  51 
   3 
  14 
  26 
  32 
  41 
  48 
   3 
  10 
  16 
  25 
  32 
  39 
  13 
  21 
  26 
  36 
  41 
  49 
  11 
  17 
  23 
  31 
  39 
  50 
   3 
  12 
  22 
  26 
  33 
  43 
   2 
   9 
  21 
  28 
  38 
  44 
   6 
  10 
  16 
  21 
  25 
  34 
  10 
  16 
  24 
  36 
  42 
  50 
   7 
  17 
  25 
  30 
  38 
  45 
   8 
  21 
  30 
  37 
  45 
  53 
   8 
  16 
  22 
  30 
  34 
  44 
   8 
  12 
  17 
  21 
  32 
  36 
  12 
  18 
  23 
  32 
  38 
  48 
  10 
  14 
  24 
  28 
  39 
  50 
   6 
  12 
  18 
  26 
  35 
  47 
   5 
  10 
  14 
  28 
  33 
  47 
   5 
  15 
  19 
  23 
  29 
  37 
   8 
  14 
  23 
  31 
  36 
  43 
  12 
  19 
  27 
  34 
  42 
  49 
   5 
  12 
  18 
  27 
  31 
  36 
   5 
   9 
  18 
  28 
  37 
  46 
  10 
  19 
  27 
  38 
  42 
  46 
   7 
  13 
  17 
  21 
  26 
  30 
  11 
  19 
  25 
  32 
  40 
  49 
   5 
  13 
  23 
  33 
  40 
  50 
  11 
  22 
  30 
  32 
  39 
  50 
  11 
  17 
  29 
  34 
  38 
  44 
  11 
  19 
  24 
  34 
  44 
  55 
   5 
  14 
  20 
  25 
  33 
  38 
   5 
   9 
  13 
  20 
  28 
  37 
   5 
  10 
  14 
  22 
  28 
  40 
  10 
  16 
  26 
  33 
  40 
  50 
