  22 0.01446
  23 0.01205
  23 0.01205
  23 0.01206
  23 0.01206
  23 0.01206
  26 0.01205
  26 0.01205
  26 0.01205
  26 0.01205
  26 0.01205
  26 0.01205
  27 0.01205
  27 0.01205
  27 0.01206
  27 0.01206
  27 0.01206
  27 0.01206
  24 0.01205
  24 0.01205
  24 0.01205
  24 0.01205
  24 0.01205
  24 0.01205
  29 0.01206
  29 0.01205
  29 0.01205
  29 0.01205
  29 0.01205
  29 0.01205
  22 0.01205
  22 0.01206
  22 0.01206
  22 0.01206
  22 0.01205
  22 0.01206
  29 0.01205
  29 0.01205
  29 0.01205
  29 0.01205
  29 0.01206
  29 0.01205
  32 0.01205
  32 0.01205
  32 0.01206
  32 0.01206
  32 0.01205
  32 0.01205
  18 0.01205
  18 0.01205
  18 0.01205
  18 0.01205
  18 0.01205
  18 0.01206
  30 0.01042
  32 0.01205
  32 0.01206
  32 0.01206
  32 0.01206
  32 0.01206
  20 0.01206
  20 0.01206
  20 0.01206
  20 0.01205
  20 0.01206
  20 0.01206
  21 0.01205
  21 0.01206
  21 0.01206
  21 0.01205
  21 0.01205
  21 0.01205
  20 0.01206
  20 0.01206
  20 0.01206
  20 0.01206
  20 0.01206
  20 0.01206
  26 0.01205
  26 0.01206
  26 0.01206
  26 0.01206
  26 0.01206
  26 0.01206
  26 0.01205
  26 0.01206
  26 0.01206
  26 0.01205
  26 0.01206
  26 0.01205
  25 0.01203
  26 0.01206
  26 0.01206
  26 0.01205
  26 0.01206
  26 0.01205
  27 0.01205
  27 0.01205
  27 0.01205
  27 0.01205
  27 0.01205
  27 0.01205
  25 0.01206
  25 0.01206
  25 0.01206
  25 0.01206
  25 0.01206
  25 0.01206
  32 0.01206
  32 0.01205
  32 0.01205
  32 0.01205
  32 0.01205
  32 0.01206
  21 0.01205
  21 0.01206
  21 0.01205
  21 0.01205
  21 0.01206
  21 0.01205
  25 0.01171
  26 0.01205
  26 0.01205
  26 0.01206
  26 0.01206
  26 0.01206
  28 0.01206
  28 0.01205
  28 0.01206
  28 0.01206
  28 0.01206
  28 0.01206
  26 0.01205
  26 0.01205
  26 0.01205
  26 0.01205
  26 0.01206
  26 0.01206
  31 0.01145
  31 0.01145
  31 0.01145
  31 0.01145
  32 0.01205
  32 0.01205
  27 0.01617
  28 0.01205
  28 0.01205
  28 0.01205
  28 0.01205
  28 0.01205
  22 0.01205
  22 0.01206
  22 0.01206
  22 0.01206
  22 0.01206
  22 0.01206
  25 0.01205
  25 0.01206
  25 0.01206
  25 0.01206
  25 0.01205
  25 0.01205
  31 0.01205
  31 0.01205
  31 0.01205
  31 0.01205
  31 0.01206
  31 0.01205
  27 0.01433
  28 0.01205
  28 0.01205
  28 0.01205
  28 0.01205
  28 0.01206
  30 0.01206
  30 0.01205
  30 0.01205
  30 0.01205
  30 0.01206
  30 0.01205
  25 0.01205
  25 0.01205
  25 0.01206
  25 0.01206
  25 0.01205
  25 0.01205
  28 0.01486
  29 0.01163
  29 0.01163
  30 0.01206
  30 0.01205
  30 0.01205
  32 0.01205
  32 0.01205
  32 0.01205
  32 0.01205
  32 0.01205
  32 0.01205
  26 0.01206
  26 0.01206
  26 0.01206
  26 0.01206
  26 0.01206
  26 0.01205
  26 0.01205
  26 0.01205
  26 0.01205
  26 0.01205
  26 0.01206
  26 0.01205
  33 0.01206
  33 0.01206
  33 0.01205
  33 0.01205
  33 0.01205
  33 0.01205
  17 0.01206
  17 0.01206
  17 0.01206
  17 0.01205
  17 0.01205
  17 0.01205
  23 0.01205
  23 0.01205
  23 0.01205
  23 0.01206
  23 0.01205
  23 0.01205
  33 0.01206
  33 0.01206
  33 0.01206
  33 0.01206
  33 0.01206
  33 0.01205
  22 0.01206
  22 0.01205
  22 0.01205
  22 0.01205
  22 0.01205
  22 0.01205
  47 0.01980
  53 0.01206
  53 0.01206
  53 0.01205
  53 0.01205
  53 0.01205
  48 0.02991
  56 0.01206
  56 0.01206
  56 0.01205
  56 0.01206
  56 0.01206
  47 0.02685
  56 0.01199
  57 0.01205
  57 0.01205
  57 0.01205
  57 0.01206
  43 0.01964
  50 0.01355
  52 0.01206
  52 0.01206
  52 0.01206
  52 0.01206
  47 0.03332
  59 0.01881
  61 0.01707
  62 0.01205
  62 0.01205
  62 0.01206
  47 0.04161
  58 0.01477
  59 0.01333
  59 0.01333
  59 0.01333
  59 0.01333
  48 0.02625
  53 0.01205
  53 0.01206
  53 0.01205
  53 0.01205
  53 0.01205
  49 0.01656
  53 0.01205
  53 0.01205
  53 0.01205
  53 0.01206
  53 0.01205
  47 0.03040
  54 0.01291
  56 0.01205
  56 0.01205
  56 0.01205
  56 0.01205
  40 0.02580
  43 0.01205
  43 0.01206
  43 0.01206
  43 0.01205
  43 0.01205
  46 0.02455
  51 0.01287
  52 0.01206
  52 0.01205
  52 0.01206
  52 0.01205
  49 0.02268
  54 0.01205
  54 0.01205
  54 0.01206
  54 0.01206
  54 0.01205
  39 0.01835
  45 0.01527
  45 0.01527
  45 0.01527
  46 0.01205
  46 0.01205
  47 0.02052
  61 0.01280
  62 0.01333
  63 0.01206
  63 0.01205
  63 0.01205
  45 0.01626
  51 0.01205
  51 0.01206
  51 0.01206
  51 0.01206
  51 0.01206
  47 0.01230
  55 0.01180
  57 0.01206
  57 0.01205
  57 0.01206
  57 0.01206
  48 0.01495
  57 0.01637
  58 0.01206
  58 0.01206
  58 0.01205
  58 0.01206
  44 0.01724
  46 0.01205
  46 0.01206
  46 0.01205
  46 0.01205
  46 0.01205
  46 0.02721
  54 0.02022
  57 0.01205
  57 0.01205
  57 0.01205
  57 0.01205
  51 0.04410
  64 0.01206
  64 0.01206
  64 0.01205
  64 0.01205
  64 0.01206
  47 0.01301
  51 0.01206
  51 0.01205
  51 0.01206
  51 0.01205
  51 0.01206
  49 0.01317
  55 0.01074
  56 0.01205
  56 0.01205
  56 0.01205
  56 0.01205
  44 0.01014
  49 0.01206
  49 0.01205
  49 0.01206
  49 0.01206
  49 0.01206
  44 0.00892
  47 0.00959
  48 0.01206
  48 0.01205
  48 0.01205
  48 0.01206
  45 0.01459
  47 0.01346
  49 0.01197
  50 0.01205
  50 0.01206
  50 0.01205
  44 0.01405
  48 0.00898
  49 0.01205
  49 0.01205
  49 0.01206
  49 0.01206
  42 0.01420
  47 0.01205
  47 0.01206
  47 0.01206
  47 0.01205
  47 0.01206
  49 0.04174
  58 0.01225
  59 0.01205
  59 0.01205
  59 0.01205
  59 0.01205
  46 0.01248
  49 0.01206
  49 0.01205
  49 0.01206
  49 0.01205
  49 0.01205
  47 0.02622
  54 0.01206
  54 0.01206
  54 0.01206
  54 0.01206
  54 0.01206
  47 0.01945
  52 0.01205
  52 0.01205
  52 0.01205
  52 0.01205
  52 0.01205
  47 0.02914
  52 0.01770
  54 0.01500
  56 0.01206
  56 0.01205
  56 0.01206
  39 0.01788
  42 0.01181
  43 0.01205
  43 0.01205
  43 0.01206
  43 0.01205
  52 0.03953
  62 0.01479
  62 0.01479
  63 0.01205
  63 0.01205
  63 0.01205
  48 0.01428
  57 0.01323
  57 0.01323
  58 0.01206
  58 0.01205
  58 0.01206
  43 0.02397
  51 0.01205
  51 0.01206
  51 0.01206
  51 0.01206
  51 0.01205
  48 0.01610
  52 0.01206
  52 0.01205
  52 0.01205
  52 0.01206
  52 0.01205
  49 0.03219
  63 0.01591
  66 0.01533
  67 0.01206
  67 0.01205
  67 0.01206
  51 0.01802
  55 0.01205
  55 0.01206
  55 0.01205
  55 0.01206
  55 0.01206
  51 0.01819
  62 0.01497
  62 0.01497
  63 0.01205
  63 0.01205
  63 0.01205
  51 0.04837
  78 0.01651
  78 0.01651
  78 0.01651
  80 0.01273
  81 0.01205
  51 0.07790
  77 0.02622
  82 0.01448
  82 0.01448
  83 0.01206
  83 0.01205
  51 0.09119
  77 0.02486
  79 0.01894
  81 0.01569
  83 0.01538
  84 0.01206
  52 0.04821
  70 0.01809
  70 0.01808
  70 0.01809
  72 0.01319
  73 0.01205
  51 0.04284
  78 0.02897
  88 0.02035
  92 0.01463
  92 0.01464
  93 0.01411
  52 0.06132
  71 0.02062
  73 0.01930
  75 0.01206
  75 0.01205
  75 0.01205
  49 0.04029
  75 0.01503
  78 0.01384
  78 0.01384
  78 0.01384
  79 0.01206
  49 0.04632
  74 0.01646
  76 0.01294
  77 0.01452
  78 0.01205
  78 0.01205
  49 0.05865
  73 0.01233
  77 0.01206
  77 0.01205
  77 0.01205
  77 0.01205
  52 0.07424
  78 0.01531
  81 0.00998
  83 0.00927
  84 0.01323
  84 0.01323
  52 0.06684
  75 0.04636
  78 0.04096
  82 0.02750
  85 0.01539
  85 0.01539
  51 0.07114
  77 0.01122
  84 0.01056
  85 0.01090
  85 0.01090
  86 0.01034
  52 0.03436
  76 0.02131
  80 0.01497
  81 0.01206
  81 0.01206
  81 0.01206
  52 0.05720
  81 0.02220
  84 0.01456
  85 0.01314
  85 0.01314
  86 0.01205
  51 0.04670
  75 0.01491
  77 0.01205
  77 0.01206
  77 0.01205
  77 0.01205
  52 0.05312
  75 0.01209
  77 0.01161
  78 0.01062
  78 0.01062
  79 0.01205
  50 0.09145
  71 0.01964
  74 0.02026
  76 0.01521
  78 0.01205
  78 0.01205
  51 0.04871
  73 0.01168
  73 0.01168
  73 0.01168
  74 0.01206
  74 0.01205
  52 0.10682
  82 0.01291
  83 0.01197
  83 0.01197
  83 0.01197
  83 0.01197
  52 0.07345
  73 0.01306
  73 0.01306
  73 0.01306
  73 0.01306
  74 0.01205
  50 0.09762
  83 0.01724
  84 0.01906
  85 0.01205
  85 0.01205
  85 0.01206
  51 0.04342
  72 0.01652
  75 0.01453
  77 0.01205
  77 0.01206
  77 0.01205
  50 0.08836
  76 0.01814
  81 0.00904
  82 0.01206
  82 0.01205
  82 0.01205
  52 0.11382
  78 0.01273
  79 0.01206
  79 0.01205
  79 0.01205
  79 0.01205
  51 0.05722
  74 0.01206
  74 0.01206
  74 0.01206
  74 0.01205
  74 0.01205
  52 0.06444
  78 0.03420
  81 0.02190
  84 0.01723
  84 0.01723
  85 0.01276
  52 0.06225
  81 0.01606
  85 0.01205
  85 0.01206
  85 0.01206
  85 0.01206
  50 0.04360
  76 0.01220
  76 0.01220
  77 0.01205
  77 0.01206
  77 0.01206
  51 0.05147
  73 0.01335
  73 0.01335
  74 0.01205
  74 0.01205
  74 0.01205
  51 0.05228
  76 0.01524
  79 0.01206
  79 0.01206
  79 0.01205
  79 0.01205
  51 0.07278
  72 0.02051
  74 0.01168
  75 0.01205
  75 0.01205
  75 0.01205
  52 0.08179
  77 0.01629
  80 0.01319
  80 0.01320
  80 0.01319
  81 0.01205
  52 0.08123
  78 0.01920
  79 0.01760
  80 0.01452
  81 0.01205
  81 0.01206
  51 0.07708
  72 0.02379
  74 0.01482
  75 0.01302
  75 0.01302
  76 0.01205
  50 0.11066
  79 0.02639
  84 0.01671
  85 0.01206
  85 0.01206
  85 0.01206
  51 0.04230
  72 0.01500
  75 0.01668
  77 0.01279
  78 0.01323
  79 0.01205
  51 0.07766
  81 0.01527
  84 0.01192
  85 0.01206
  85 0.01206
  85 0.01206
  52 0.07229
  78 0.01552
  79 0.01206
  79 0.01206
  79 0.01205
  79 0.01205
  52 0.06013
  73 0.01205
  73 0.01205
  73 0.01205
  73 0.01205
  73 0.01205
  48 0.04873
  73 0.02896
  82 0.01205
  82 0.01205
  82 0.01206
  82 0.01205
  51 0.06633
  88 0.02128
  96 0.01447
  99 0.01366
 100 0.01275
 101 0.01206
  49 0.10579
  90 0.07212
 104 0.03426
 107 0.02435
 108 0.01997
 109 0.01809
  51 0.13566
  90 0.08161
 101 0.01905
 106 0.01553
 109 0.01475
 110 0.01117
  51 0.06560
  83 0.05387
  94 0.02162
  97 0.02450
  99 0.01502
 101 0.01205
  52 0.14659
  89 0.05538
  99 0.03944
 101 0.02651
 102 0.01989
 103 0.01430
  52 0.11594
  90 0.05423
 106 0.02220
 110 0.01630
 113 0.01115
 113 0.01115
  51 0.15036
  89 0.06663
 103 0.03448
 105 0.02906
 110 0.01205
 110 0.01205
  51 0.16740
  87 0.08476
 104 0.06009
 112 0.01949
 114 0.01206
 114 0.01205
  50 0.10585
  83 0.03513
  97 0.02085
 100 0.01729
 100 0.01729
 100 0.01729
  52 0.09789
  92 0.04426
 103 0.02857
 105 0.02044
 106 0.01899
 108 0.01319
  50 0.13340
  95 0.09213
 109 0.02106
 113 0.02106
 118 0.01407
 118 0.01407
  51 0.08974
  91 0.02125
  99 0.01333
 101 0.01104
 101 0.01104
 101 0.01104
  51 0.16099
  93 0.06812
 106 0.02547
 110 0.02545
 111 0.01946
 113 0.01323
  50 0.13560
  85 0.05690
  98 0.01705
 100 0.01808
 101 0.01689
 101 0.01689
  51 0.08748
  77 0.05286
  97 0.02068
  98 0.02006
 100 0.01552
 101 0.01205
  50 0.12070
  89 0.03947
  95 0.01594
  97 0.01930
  98 0.01756
  99 0.01626
  52 0.11292
  94 0.06064
 103 0.02568
 106 0.01859
 109 0.01323
 110 0.01205
  51 0.11105
  90 0.03552
 101 0.01826
 104 0.01263
 105 0.01225
 106 0.01206
  51 0.12958
  88 0.04184
  99 0.02155
 101 0.01560
 101 0.01560
 103 0.01205
  50 0.10099
  80 0.05722
  92 0.03783
  97 0.01446
  97 0.01446
  97 0.01446
  51 0.12581
  90 0.03809
  98 0.02694
 102 0.01636
 104 0.01592
 107 0.01452
  49 0.11624
  90 0.06359
 100 0.03685
 107 0.02023
 111 0.01878
 112 0.02400
  49 0.15154
  87 0.07361
 104 0.02916
 104 0.02916
 106 0.02447
 109 0.01314
  52 0.11369
  94 0.05586
 101 0.03292
 104 0.01510
 106 0.01424
 107 0.01446
  51 0.10703
  86 0.03782
  97 0.02125
  98 0.02220
 103 0.01381
 104 0.01329
  49 0.09988
  87 0.02316
  93 0.01205
  93 0.01205
  93 0.01205
  93 0.01205
  50 0.07522
  81 0.03887
  94 0.02569
 101 0.01258
 104 0.01268
 105 0.01205
  51 0.11989
  96 0.03352
 107 0.01689
 108 0.01205
 108 0.01206
 108 0.01206
  49 0.11262
  88 0.04248
 101 0.03030
 106 0.02380
 109 0.01988
 110 0.01655
  52 0.06100
  88 0.02552
  94 0.02325
  97 0.01206
  97 0.01205
  97 0.01205
  52 0.11730
  89 0.04921
 101 0.02405
 109 0.02114
 109 0.02115
 111 0.01129
  50 0.06692
  82 0.03423
  90 0.01613
  97 0.01139
  99 0.01088
 100 0.01205
  52 0.10891
  83 0.02557
  95 0.01992
  99 0.01619
 104 0.00897
 104 0.00897
  50 0.17617
  98 0.08012
 110 0.03596
 114 0.01641
 115 0.01689
 115 0.01689
  50 0.10959
  86 0.03416
  94 0.02195
  99 0.02167
 101 0.01552
 103 0.01634
  51 0.08197
  89 0.01222
  95 0.01488
  98 0.01230
 100 0.01070
 101 0.01079
  52 0.09541
  80 0.05426
  93 0.01723
  96 0.01631
  98 0.00713
  98 0.00713
  48 0.09809
  87 0.04394
  98 0.02964
 101 0.02649
 106 0.01331
 107 0.01352
  48 0.13220
  88 0.06124
  97 0.03942
 102 0.03143
 105 0.01769
 108 0.01205
  52 0.08321
  90 0.01645
 102 0.01242
 106 0.01500
 106 0.01500
 106 0.01500
  51 0.14834
  85 0.08471
 113 0.04451
 121 0.02116
 126 0.01790
 131 0.01319
  52 0.19985
  93 0.18387
 116 0.09471
 131 0.05380
 137 0.02367
 138 0.02046
  52 0.15379
  94 0.07124
 114 0.03496
 118 0.03016
 124 0.01825
 124 0.01825
  51 0.14844
  94 0.09409
 115 0.04180
 128 0.02975
 129 0.02759
 130 0.02203
  49 0.15092
  91 0.10271
 112 0.08049
 121 0.02862
 124 0.01814
 126 0.01497
  51 0.15628
  89 0.09261
 112 0.05002
 119 0.02052
 122 0.01661
 123 0.01770
  52 0.15680
  92 0.09022
 118 0.03984
 124 0.03700
 126 0.02543
 127 0.02286
  50 0.13979
  96 0.10224
 115 0.05010
 127 0.02955
 129 0.03020
 134 0.01612
  48 0.12717
  85 0.07337
 104 0.05449
 116 0.02997
 124 0.02439
 127 0.02151
  50 0.14192
  95 0.07199
 112 0.01947
 114 0.01588
 120 0.00972
 121 0.00904
  50 0.09699
  89 0.05978
 107 0.04236
 125 0.03008
 129 0.01997
 134 0.02216
  49 0.12659
  83 0.09536
 104 0.06697
 118 0.02836
 122 0.02352
 123 0.01797
  47 0.16554
  87 0.11118
 113 0.05038
 127 0.01997
 130 0.02366
 132 0.02192
  51 0.16691
  94 0.09193
 119 0.03190
 130 0.01746
 134 0.01716
 139 0.01079
  50 0.14822
  81 0.12083
 104 0.06685
 119 0.01968
 126 0.01828
 128 0.01490
  51 0.21002
  90 0.10403
 110 0.05486
 119 0.04201
 125 0.03817
 131 0.01807
  49 0.15062
  90 0.09680
 108 0.04195
 117 0.04025
 124 0.01371
 127 0.01205
  49 0.13278
  94 0.06994
 109 0.03157
 117 0.01771
 120 0.01799
 123 0.01549
  51 0.16647
  92 0.08551
 115 0.03481
 124 0.02844
 127 0.01981
 130 0.02005
  44 0.13684
  80 0.10035
 106 0.04627
 117 0.03747
 119 0.03650
 126 0.03061
  49 0.16692
  93 0.11885
 117 0.04610
 125 0.02800
 127 0.02009
 130 0.01137
  51 0.12281
  93 0.07143
 117 0.03010
 129 0.02351
 135 0.00985
 137 0.01154
  51 0.15180
  90 0.08381
 114 0.05793
 120 0.02447
 124 0.01871
 127 0.01647
  50 0.15664
  86 0.11527
 104 0.04503
 113 0.03845
 116 0.03828
 123 0.02619
  49 0.16548
  91 0.07618
 114 0.03515
 121 0.02659
 129 0.02244
 132 0.01988
  48 0.24230
  87 0.15909
 106 0.10228
 113 0.07073
 121 0.03987
 126 0.02346
  50 0.10683
  94 0.03803
 113 0.02419
 119 0.02182
 123 0.01356
 126 0.01251
  51 0.19064
  89 0.13933
 109 0.06183
 116 0.02883
 120 0.01642
 123 0.01319
  49 0.10561
  83 0.05802
 103 0.03258
 113 0.01843
 117 0.01273
 120 0.01335
  52 0.10786
  95 0.05233
 114 0.03338
 121 0.02438
 123 0.01610
 124 0.01507
  52 0.11774
  89 0.07856
 106 0.05054
 117 0.03206
 123 0.02165
 127 0.01805
  50 0.09648
  89 0.04235
 111 0.02967
 122 0.01985
 123 0.01762
 123 0.01762
  50 0.15642
  87 0.09138
 104 0.08407
 121 0.04085
 132 0.02431
 136 0.01776
  52 0.16751
  96 0.05160
 110 0.05024
 113 0.04378
 114 0.04104
 116 0.04039
  51 0.13622
  97 0.07828
 119 0.03964
 127 0.01611
 130 0.01773
 133 0.01727
  51 0.14171
  94 0.08167
 117 0.03525
 124 0.03186
 129 0.01609
 131 0.01533
  51 0.18800
  90 0.14715
 114 0.05263
 122 0.02272
 125 0.01405
 129 0.01457
  51 0.16171
  93 0.12260
 118 0.06605
 128 0.01769
 132 0.01924
 133 0.01452
  51 0.17109
  86 0.11906
 109 0.05850
 118 0.02680
 124 0.01443
 125 0.01153
  49 0.13062
  89 0.07557
 108 0.03508
 118 0.01910
 123 0.02069
 130 0.01545
  45 0.21872
  82 0.17779
 113 0.10973
 128 0.07673
 141 0.06140
 154 0.03149
  48 0.22003
  89 0.18421
 115 0.15751
 135 0.09164
 153 0.04432
 156 0.03831
  49 0.23109
  89 0.18187
 120 0.11594
 139 0.08832
 151 0.04919
 159 0.03658
  50 0.20581
  90 0.14902
 121 0.07323
 136 0.06681
 142 0.04605
 145 0.04234
  52 0.17997
  94 0.15421
 123 0.06488
 135 0.03949
 144 0.01783
 146 0.01784
  47 0.19348
  88 0.17172
 111 0.14098
 129 0.07593
 142 0.02926
 151 0.02100
  50 0.19184
  94 0.13378
 130 0.07797
 143 0.04968
 150 0.03317
 154 0.01996
  50 0.12950
  95 0.07205
 123 0.03197
 127 0.02140
 137 0.01770
 144 0.01137
  50 0.21320
  87 0.16161
 117 0.11943
 136 0.09434
 151 0.03964
 158 0.02710
  50 0.21009
  92 0.15467
 125 0.07123
 137 0.06104
 151 0.02273
 157 0.02292
  46 0.18524
  94 0.13158
 127 0.06874
 144 0.04814
 155 0.03060
 161 0.02075
  46 0.26059
  86 0.17966
 114 0.11393
 136 0.06843
 145 0.04797
 150 0.02439
  50 0.20511
  96 0.16290
 126 0.07654
 136 0.05280
 144 0.03722
 149 0.02782
  45 0.25646
  84 0.20827
 114 0.12922
 126 0.10128
 134 0.07979
 143 0.05965
  52 0.17922
  96 0.14629
 124 0.11529
 143 0.09180
 153 0.05557
 157 0.03948
  49 0.17832
  96 0.11222
 124 0.05376
 134 0.02841
 143 0.02310
 146 0.02336
  47 0.30461
  89 0.27070
 119 0.18165
 138 0.13259
 151 0.08958
 160 0.05433
  48 0.14053
  87 0.10569
 120 0.07362
 137 0.05321
 148 0.03351
 155 0.02352
  47 0.17472
  87 0.13343
 117 0.09749
 131 0.09652
 142 0.05849
 150 0.03722
  49 0.18991
  94 0.15618
 120 0.10408
 136 0.06795
 147 0.05760
 151 0.05283
  47 0.15399
  86 0.16716
 115 0.12171
 134 0.08459
 141 0.06753
 148 0.02227
  48 0.19318
  95 0.12817
 125 0.11537
 136 0.08953
 140 0.06389
 144 0.04090
  51 0.17676
  94 0.10124
 119 0.05635
 127 0.03177
 135 0.01491
 139 0.01912
  50 0.17462
  88 0.15540
 119 0.11569
 135 0.07077
 144 0.04021
 148 0.03243
  47 0.20985
  90 0.15286
 112 0.10316
 124 0.08483
 137 0.04703
 141 0.05032
  51 0.19672
  90 0.16031
 117 0.09669
 135 0.04478
 143 0.04057
 149 0.02051
  47 0.18802
  90 0.14779
 119 0.09737
 137 0.03191
 142 0.03239
 146 0.02743
  50 0.13079
  89 0.11542
 122 0.06580
 140 0.05099
 150 0.03771
 154 0.02296
  50 0.17775
  92 0.13300
 115 0.08386
 130 0.05908
 141 0.04302
 147 0.02975
  51 0.19959
  95 0.15269
 119 0.11456
 131 0.07910
 135 0.04158
 139 0.03915
  48 0.13674
  85 0.09184
 115 0.05239
 138 0.03420
 147 0.03221
 155 0.03310
  49 0.19642
  90 0.13679
 120 0.06232
 137 0.02775
 147 0.01897
 152 0.01352
  46 0.18980
  89 0.14200
 116 0.08306
 131 0.08682
 144 0.06328
 152 0.05991
  45 0.21536
  84 0.20419
 110 0.17151
 132 0.10885
 144 0.07417
 152 0.02684
  50 0.15501
  91 0.11510
 120 0.06393
 139 0.05401
 151 0.04248
 158 0.02810
  50 0.14475
  92 0.09396
 117 0.05521
 128 0.03168
 130 0.03850
 135 0.02103
  46 0.23498
  83 0.16908
 109 0.13015
 131 0.07930
 145 0.06027
 155 0.03776
  48 0.11704
  87 0.08880
 111 0.06566
 130 0.04554
 139 0.03684
 147 0.04189
  50 0.18015
  89 0.10832
 112 0.06929
 132 0.02239
 138 0.02263
 142 0.01462
  48 0.21050
  88 0.18957
 117 0.12986
 136 0.07594
 145 0.02502
 155 0.02306
