   1 
   3 
   4 
   5 
   8 
   8 
   2 
   3 
   4 
   4 
   6 
   6 
   1 
   2 
   4 
   7 
   7 
  11 
   1 
   2 
   2 
   2 
   4 
   5 
   2 
   5 
   8 
  10 
  12 
  13 
   0 
   1 
   1 
   1 
   1 
   3 
   3 
   4 
   6 
   8 
   9 
  11 
   1 
   3 
   7 
   8 
   8 
   9 
   0 
   3 
   3 
   4 
   5 
   5 
   0 
   1 
   3 
   3 
   3 
   5 
   0 
   0 
   1 
   2 
   4 
   5 
   1 
   1 
   2 
   2 
   4 
   5 
   1 
   1 
   2 
   2 
   2 
   2 
   1 
   2 
   5 
   6 
   7 
  10 
   2 
   5 
   6 
   7 
   7 
   8 
   1 
   3 
   4 
   4 
   5 
   7 
   0 
   0 
   0 
   1 
   3 
   6 
   1 
   3 
   3 
   3 
   6 
   6 
   1 
   3 
   3 
   5 
   6 
   9 
   2 
   4 
   4 
   7 
   7 
   9 
   0 
   2 
   3 
   4 
   7 
   7 
   0 
   1 
   1 
   3 
   5 
   5 
   0 
   3 
   4 
   8 
   9 
  11 
   0 
   2 
   6 
   6 
   8 
   9 
   1 
   4 
   5 
   8 
  10 
  11 
   1 
   1 
   2 
   6 
   7 
  11 
   0 
   2 
   3 
   3 
   7 
  10 
   2 
   6 
   6 
   9 
  11 
  13 
   0 
   1 
   1 
   4 
   4 
   5 
   1 
   2 
   3 
   5 
   7 
   9 
   1 
   4 
   6 
   6 
   9 
  11 
   0 
   2 
   5 
   6 
   8 
   9 
   4 
   5 
   5 
   7 
   9 
  11 
   1 
   2 
   4 
   4 
   6 
   8 
   0 
   1 
   1 
   4 
   6 
   6 
   0 
   1 
   2 
   3 
   4 
   7 
   0 
   1 
   2 
   3 
   5 
   5 
   2 
   3 
   3 
   4 
   5 
   5 
   1 
   2 
   2 
   6 
   9 
  12 
   4 
   4 
   5 
   5 
   7 
  12 
   4 
   5 
   5 
   5 
   9 
  12 
   3 
   6 
   7 
  11 
  16 
  20 
   2 
   5 
   6 
  10 
  12 
  13 
   2 
   6 
   9 
  11 
  11 
  11 
   5 
   9 
  11 
  15 
  20 
  22 
   2 
   9 
  13 
  15 
  15 
  17 
   6 
   8 
   8 
  13 
  14 
  19 
   4 
   6 
  10 
  12 
  13 
  15 
   2 
   7 
   8 
  13 
  15 
  19 
   1 
   5 
   5 
   6 
   9 
  12 
   4 
   6 
   9 
  11 
  11 
  14 
   0 
   4 
   7 
  10 
  14 
  18 
   2 
   3 
   6 
   8 
   8 
  13 
   6 
   8 
  12 
  14 
  18 
  19 
   3 
   9 
  10 
  12 
  14 
  21 
   2 
   4 
   7 
   9 
  13 
  17 
   2 
   6 
   9 
  11 
  13 
  18 
   2 
   6 
  10 
  11 
  15 
  20 
   3 
   4 
   5 
  10 
  16 
  18 
   4 
   6 
  10 
  15 
  16 
  21 
   5 
  11 
  12 
  14 
  15 
  17 
   2 
   3 
   7 
  10 
  13 
  15 
   0 
   6 
   9 
  12 
  16 
  16 
   1 
   3 
   5 
   8 
  15 
  19 
   3 
   5 
   9 
  12 
  16 
  18 
   1 
   3 
   6 
  10 
  12 
  16 
   1 
   3 
   7 
  10 
  13 
  15 
   3 
   3 
   9 
  10 
  12 
  15 
   1 
   4 
   7 
   8 
  13 
  17 
   3 
   6 
   8 
  10 
  10 
  13 
   1 
   1 
   4 
   8 
  11 
  14 
   2 
   3 
   5 
   8 
  14 
  18 
   4 
   8 
  14 
  16 
  17 
  18 
   2 
   3 
   5 
  10 
  14 
  20 
   4 
   9 
  11 
  14 
  17 
  20 
   4 
   5 
   7 
   8 
  11 
  13 
   1 
   4 
   7 
  10 
  14 
  15 
   4 
   7 
  11 
  13 
  16 
  22 
   3 
   7 
  10 
  14 
  17 
  19 
   2 
   7 
   9 
   9 
  13 
  16 
   2 
   6 
   9 
  12 
  15 
  18 
   1 
   7 
  10 
  13 
  19 
  23 
   5 
   9 
  12 
  17 
  22 
  25 
   3 
   8 
  10 
  15 
  19 
  24 
   5 
  13 
  18 
  20 
  23 
  23 
   5 
   9 
  15 
  18 
  20 
  22 
   5 
  10 
  16 
  20 
  24 
  28 
   1 
   3 
  11 
  12 
  16 
  19 
   4 
   4 
   6 
  13 
  20 
  25 
   7 
   8 
  11 
  16 
  19 
  25 
   5 
   6 
  11 
  21 
  28 
  30 
   4 
   5 
  10 
  13 
  15 
  20 
   2 
   6 
  10 
  15 
  20 
  24 
   4 
   8 
  14 
  20 
  24 
  30 
   5 
   6 
  10 
  12 
  19 
  22 
   4 
   8 
  11 
  18 
  20 
  29 
   5 
   8 
  10 
  13 
  19 
  23 
   5 
  14 
  18 
  26 
  29 
  33 
   4 
  10 
  15 
  18 
  22 
  27 
   7 
  10 
  16 
  19 
  21 
  26 
   3 
   6 
  11 
  17 
  21 
  21 
   4 
   7 
  11 
  14 
  16 
  18 
   8 
  10 
  15 
  24 
  26 
  31 
   4 
   8 
  13 
  13 
  15 
  18 
   3 
   5 
   9 
  13 
  21 
  28 
   7 
  11 
  14 
  19 
  24 
  33 
   3 
   9 
  10 
  13 
  15 
  20 
   4 
   6 
   9 
  14 
  19 
  23 
   4 
   9 
  11 
  13 
  16 
  18 
   4 
  13 
  14 
  17 
  19 
  23 
   1 
   5 
  11 
  14 
  16 
  19 
   6 
  12 
  17 
  21 
  26 
  28 
   1 
   5 
  10 
  16 
  20 
  22 
   6 
  11 
  12 
  16 
  19 
  23 
   7 
   9 
  10 
  18 
  21 
  23 
   7 
   8 
  12 
  15 
  21 
  24 
   8 
  12 
  18 
  24 
  31 
  35 
   3 
   9 
  10 
  15 
  18 
  21 
   2 
   4 
   9 
  14 
  23 
  25 
   3 
   7 
   9 
  13 
  17 
  23 
   9 
  12 
  19 
  24 
  25 
  29 
   7 
  14 
  17 
  19 
  22 
  29 
   5 
  12 
  18 
  24 
  26 
  32 
   7 
  11 
  21 
  26 
  29 
  31 
   4 
   8 
  14 
  22 
  27 
  32 
   8 
  15 
  21 
  24 
  30 
  34 
   6 
  10 
  15 
  17 
  21 
  26 
   7 
  10 
  18 
  26 
  28 
  35 
   2 
   5 
  12 
  18 
  26 
  34 
   4 
   8 
   9 
  16 
  25 
  30 
  12 
  15 
  23 
  30 
  36 
  39 
   7 
  12 
  17 
  29 
  34 
  41 
   4 
   7 
  12 
  17 
  24 
  33 
   2 
   6 
  17 
  25 
  25 
  31 
   2 
  13 
  21 
  28 
  33 
  36 
   7 
  11 
  17 
  24 
  30 
  37 
   5 
   8 
  15 
  18 
  24 
  31 
   5 
  12 
  18 
  25 
  31 
  38 
   5 
  10 
  19 
  22 
  28 
  33 
   6 
   9 
  12 
  19 
  26 
  32 
   6 
  13 
  16 
  19 
  29 
  32 
   5 
  15 
  21 
  26 
  35 
  42 
   6 
  12 
  17 
  24 
  27 
  34 
   9 
  17 
  22 
  28 
  32 
  35 
   4 
  13 
  21 
  24 
  28 
  34 
   5 
   9 
  14 
  18 
  25 
  31 
   5 
  10 
  20 
  25 
  30 
  33 
   3 
  11 
  17 
  20 
  26 
  38 
   6 
  11 
  14 
  17 
  25 
  31 
   5 
  12 
  13 
  18 
  27 
  31 
   5 
  11 
  18 
  23 
  29 
  34 
   4 
   8 
  14 
  19 
  22 
  28 
   5 
   7 
   9 
  10 
  20 
  23 
   9 
  14 
  18 
  24 
  29 
  36 
   7 
  15 
  22 
  27 
  30 
  34 
   7 
  11 
  14 
  17 
  20 
  25 
   8 
  12 
  23 
  28 
  31 
  38 
   8 
  11 
  19 
  24 
  30 
  37 
   7 
  15 
  18 
  24 
  30 
  35 
   6 
  11 
  14 
  22 
  26 
  30 
   7 
  13 
  15 
  19 
  28 
  38 
   9 
  17 
  25 
  36 
  47 
  54 
   4 
  15 
  22 
  30 
  35 
  42 
   4 
  14 
  19 
  22 
  28 
  35 
   6 
  13 
  21 
  27 
  34 
  39 
   5 
  12 
  17 
  24 
  26 
  32 
   4 
   8 
  18 
  28 
  37 
  44 
   5 
  12 
  21 
  28 
  37 
  44 
   6 
  19 
  23 
  30 
  35 
  40 
   9 
  14 
  21 
  28 
  34 
  41 
   7 
  13 
  21 
  31 
  37 
  41 
   7 
  13 
  19 
  24 
  36 
  41 
   8 
  15 
  20 
  28 
  34 
  41 
   4 
   9 
  20 
  26 
  34 
  45 
  10 
  16 
  21 
  26 
  33 
  41 
   9 
  14 
  19 
  24 
  30 
  38 
   6 
  11 
  19 
  25 
  33 
  39 
   4 
  11 
  16 
  25 
  35 
  42 
   5 
   9 
  15 
  26 
  31 
  37 
   1 
   9 
  16 
  19 
  25 
  33 
   8 
  14 
  21 
  27 
  32 
  40 
   7 
  10 
  18 
  25 
  33 
  41 
   8 
  12 
  19 
  22 
  30 
  40 
   8 
  17 
  22 
  27 
  35 
  46 
   4 
  10 
  18 
  23 
  31 
  43 
   3 
   8 
  19 
  23 
  29 
  40 
   6 
  10 
  11 
  17 
  26 
  36 
   6 
  11 
  20 
  26 
  30 
  33 
   3 
   6 
  13 
  19 
  28 
  34 
   1 
   8 
  16 
  21 
  29 
  39 
   4 
   8 
  16 
  23 
  26 
  33 
  13 
  18 
  24 
  28 
  32 
  40 
   7 
  12 
  19 
  23 
  32 
  39 
   5 
  11 
  19 
  26 
  32 
  40 
   7 
  16 
  21 
  25 
  37 
  47 
   7 
  13 
  23 
  34 
  40 
  49 
  12 
  20 
  30 
  40 
  51 
  58 
   7 
  13 
  21 
  32 
  34 
  38 
   4 
  10 
  18 
  23 
  28 
  36 
   7 
  13 
  16 
  23 
  29 
  36 
  12 
  19 
  28 
  33 
  41 
  48 
  10 
  15 
  23 
  36 
  43 
  50 
   9 
  18 
  26 
  35 
  43 
  47 
  10 
  17 
  25 
  29 
  35 
  40 
   5 
  15 
  22 
  26 
  38 
  48 
   8 
  15 
  28 
  38 
  41 
  47 
   7 
  15 
  23 
  29 
  36 
  44 
   5 
  18 
  27 
  33 
  38 
  43 
   7 
  15 
  23 
  36 
  48 
  56 
   7 
  16 
  26 
  37 
  47 
  56 
   8 
  15 
  26 
  31 
  42 
  48 
   7 
  18 
  26 
  34 
  42 
  51 
   8 
  14 
  20 
  29 
  41 
  48 
   7 
  18 
  24 
  32 
  39 
  48 
   9 
  22 
  33 
  36 
  47 
  56 
   8 
  22 
  30 
  37 
  45 
  49 
  10 
  19 
  23 
  31 
  42 
  56 
   9 
  17 
  27 
  31 
  41 
  51 
   6 
  12 
  18 
  25 
  35 
  44 
  10 
  23 
  31 
  38 
  45 
  58 
   5 
  12 
  22 
  28 
  35 
  45 
  11 
  19 
  25 
  36 
  45 
  54 
   9 
  17 
  23 
  29 
  35 
  45 
  10 
  19 
  29 
  40 
  48 
  53 
  11 
  18 
  24 
  33 
  40 
  48 
   3 
  11 
  19 
  25 
  36 
  44 
   6 
  15 
  20 
  30 
  37 
  44 
   6 
  16 
  20 
  30 
  36 
  44 
  10 
  19 
  25 
  30 
  36 
  40 
   4 
  13 
  21 
  29 
  36 
  44 
   4 
  12 
  22 
  30 
  35 
  46 
   4 
  17 
  21 
  30 
  41 
  52 
   7 
  13 
  20 
  28 
  35 
  40 
  12 
  21 
  30 
  40 
  45 
  52 
   5 
  16 
  17 
  27 
  37 
  47 
  10 
  15 
  22 
  30 
  36 
  41 
  11 
  18 
  26 
  34 
  40 
  54 
   8 
  15 
  24 
  33 
  35 
  47 
   8 
  17 
  24 
  31 
  35 
  39 
   5 
  17 
  23 
  36 
  46 
  51 
