  29 0.01205
  29 0.01205
  29 0.01206
  29 0.01206
  29 0.01206
  29 0.01206
  26 0.01206
  26 0.01206
  26 0.01206
  26 0.01206
  26 0.01205
  26 0.01206
  25 0.01205
  25 0.01205
  25 0.01206
  25 0.01205
  25 0.01206
  25 0.01206
  28 0.01206
  28 0.01206
  28 0.01206
  28 0.01206
  28 0.01205
  28 0.01206
  23 0.01206
  23 0.01206
  23 0.01206
  23 0.01206
  23 0.01206
  23 0.01205
  29 0.01167
  30 0.01206
  30 0.01206
  30 0.01206
  30 0.01206
  30 0.01206
  23 0.01206
  23 0.01206
  23 0.01206
  23 0.01206
  23 0.01206
  23 0.01206
  20 0.01206
  20 0.01206
  20 0.01206
  20 0.01206
  20 0.01206
  20 0.01206
  33 0.01132
  34 0.01206
  34 0.01205
  34 0.01206
  34 0.01206
  34 0.01206
  20 0.01205
  20 0.01205
  20 0.01205
  20 0.01206
  20 0.01205
  20 0.01206
  31 0.00643
  32 0.01205
  32 0.01205
  32 0.01206
  32 0.01206
  32 0.01206
  31 0.01205
  31 0.01206
  31 0.01206
  31 0.01206
  31 0.01206
  31 0.01206
  32 0.01206
  32 0.01206
  32 0.01206
  32 0.01206
  32 0.01206
  32 0.01206
  26 0.01206
  26 0.01206
  26 0.01206
  26 0.01206
  26 0.01206
  26 0.01206
  26 0.01206
  26 0.01206
  26 0.01206
  26 0.01206
  26 0.01206
  26 0.01206
  25 0.01370
  26 0.01206
  26 0.01206
  26 0.01206
  26 0.01206
  26 0.01206
  25 0.01206
  25 0.01206
  25 0.01206
  25 0.01206
  25 0.01206
  25 0.01206
  27 0.01206
  27 0.01205
  27 0.01205
  27 0.01205
  27 0.01205
  27 0.01205
  20 0.01205
  20 0.01206
  20 0.01206
  20 0.01206
  20 0.01206
  20 0.01205
  31 0.01205
  31 0.01206
  31 0.01205
  31 0.01205
  31 0.01205
  31 0.01205
  26 0.01206
  26 0.01206
  26 0.01206
  26 0.01205
  26 0.01206
  26 0.01205
  24 0.01206
  24 0.01206
  24 0.01205
  24 0.01206
  24 0.01205
  24 0.01206
  26 0.01206
  26 0.01206
  26 0.01206
  26 0.01206
  26 0.01206
  26 0.01206
  20 0.01206
  20 0.01206
  20 0.01206
  20 0.01206
  20 0.01206
  20 0.01206
  24 0.01205
  24 0.01205
  24 0.01206
  24 0.01206
  24 0.01205
  24 0.01206
  30 0.01206
  30 0.01206
  30 0.01205
  30 0.01205
  30 0.01205
  30 0.01205
  27 0.01206
  27 0.01206
  27 0.01205
  27 0.01206
  27 0.01206
  27 0.01206
  21 0.01206
  21 0.01206
  21 0.01206
  21 0.01206
  21 0.01206
  21 0.01206
  24 0.01206
  24 0.01206
  24 0.01206
  24 0.01206
  24 0.01206
  24 0.01206
  22 0.01205
  22 0.01206
  22 0.01206
  22 0.01206
  22 0.01206
  22 0.01206
  27 0.01205
  27 0.01206
  27 0.01206
  27 0.01206
  27 0.01206
  27 0.01206
  22 0.01205
  22 0.01205
  22 0.01206
  22 0.01206
  22 0.01205
  22 0.01206
  20 0.01206
  20 0.01206
  20 0.01205
  20 0.01205
  20 0.01205
  20 0.01205
  26 0.01206
  26 0.01206
  26 0.01205
  26 0.01205
  26 0.01206
  26 0.01206
  26 0.01205
  26 0.01206
  26 0.01206
  26 0.01206
  26 0.01206
  26 0.01206
  19 0.01206
  19 0.01206
  19 0.01206
  19 0.01205
  19 0.01206
  19 0.01206
  35 0.01206
  35 0.01206
  35 0.01206
  35 0.01206
  35 0.01206
  35 0.01206
  29 0.01206
  29 0.01206
  29 0.01206
  29 0.01205
  29 0.01206
  29 0.01205
  19 0.01206
  19 0.01205
  19 0.01205
  19 0.01206
  19 0.01206
  19 0.01205
  29 0.01728
  29 0.01728
  30 0.01206
  30 0.01206
  30 0.01206
  30 0.01206
  49 0.01177
  51 0.01206
  51 0.01206
  51 0.01206
  51 0.01205
  51 0.01206
  47 0.01211
  48 0.01205
  48 0.01206
  48 0.01205
  48 0.01206
  48 0.01205
  47 0.01205
  47 0.01206
  47 0.01205
  47 0.01206
  47 0.01206
  47 0.01206
  47 0.04138
  51 0.01473
  52 0.01206
  52 0.01206
  52 0.01205
  52 0.01206
  42 0.01206
  42 0.01205
  42 0.01205
  42 0.01205
  42 0.01206
  42 0.01206
  44 0.01205
  44 0.01205
  44 0.01206
  44 0.01206
  44 0.01206
  44 0.01205
  48 0.01550
  51 0.01206
  51 0.01206
  51 0.01206
  51 0.01206
  51 0.01206
  48 0.01909
  51 0.01206
  51 0.01206
  51 0.01205
  51 0.01205
  51 0.01206
  48 0.01206
  48 0.01206
  48 0.01206
  48 0.01206
  48 0.01206
  48 0.01206
  52 0.02471
  61 0.01206
  61 0.01205
  61 0.01206
  61 0.01206
  61 0.01206
  47 0.00940
  52 0.01205
  52 0.01205
  52 0.01205
  52 0.01205
  52 0.01206
  49 0.01152
  50 0.01205
  50 0.01205
  50 0.01205
  50 0.01206
  50 0.01206
  49 0.03032
  56 0.01274
  58 0.01205
  58 0.01206
  58 0.01206
  58 0.01206
  41 0.01206
  41 0.01206
  41 0.01206
  41 0.01206
  41 0.01205
  41 0.01206
  47 0.03383
  52 0.01535
  53 0.01206
  53 0.01206
  53 0.01206
  53 0.01206
  43 0.01084
  47 0.01206
  47 0.01206
  47 0.01206
  47 0.01206
  47 0.01206
  46 0.01206
  46 0.01205
  46 0.01206
  46 0.01206
  46 0.01206
  46 0.01206
  49 0.06608
  57 0.02365
  58 0.01206
  58 0.01206
  58 0.01206
  58 0.01206
  44 0.00909
  47 0.01206
  47 0.01205
  47 0.01206
  47 0.01206
  47 0.01206
  39 0.01319
  39 0.01319
  39 0.01319
  40 0.01206
  40 0.01206
  40 0.01206
  50 0.01677
  53 0.01206
  53 0.01205
  53 0.01206
  53 0.01206
  53 0.01205
  46 0.01405
  48 0.01206
  48 0.01206
  48 0.01206
  48 0.01206
  48 0.01206
  48 0.02600
  54 0.01200
  55 0.01206
  55 0.01206
  55 0.01206
  55 0.01206
  45 0.01863
  53 0.00924
  53 0.00924
  55 0.00958
  55 0.00958
  56 0.01205
  48 0.02373
  54 0.01205
  54 0.01206
  54 0.01206
  54 0.01206
  54 0.01206
  49 0.01794
  55 0.01206
  55 0.01205
  55 0.01205
  55 0.01205
  55 0.01206
  52 0.01436
  57 0.01206
  57 0.01206
  57 0.01205
  57 0.01205
  57 0.01205
  43 0.01636
  45 0.01206
  45 0.01206
  45 0.01205
  45 0.01206
  45 0.01206
  49 0.01580
  54 0.01276
  55 0.01205
  55 0.01205
  55 0.01206
  55 0.01206
  47 0.01465
  50 0.01206
  50 0.01206
  50 0.01206
  50 0.01205
  50 0.01206
  47 0.02651
  52 0.01205
  52 0.01205
  52 0.01205
  52 0.01205
  52 0.01205
  47 0.02134
  48 0.01206
  48 0.01205
  48 0.01205
  48 0.01205
  48 0.01205
  52 0.01330
  59 0.01200
  60 0.01370
  61 0.01206
  61 0.01206
  61 0.01205
  40 0.01394
  41 0.01205
  41 0.01205
  41 0.01205
  41 0.01205
  41 0.01205
  45 0.00915
  46 0.01206
  46 0.01206
  46 0.01206
  46 0.01206
  46 0.01206
  51 0.00819
  52 0.00812
  53 0.01205
  53 0.01206
  53 0.01206
  53 0.01205
  49 0.01367
  51 0.01119
  51 0.01119
  51 0.01119
  51 0.01119
  51 0.01119
  34 0.01844
  36 0.01237
  37 0.01206
  37 0.01206
  37 0.01206
  37 0.01206
  44 0.01459
  49 0.01205
  49 0.01206
  49 0.01205
  49 0.01206
  49 0.01205
  38 0.01983
  41 0.01206
  41 0.01206
  41 0.01205
  41 0.01205
  41 0.01206
  52 0.04883
  74 0.01119
  75 0.01206
  75 0.01206
  75 0.01206
  75 0.01206
  52 0.03841
  71 0.01281
  73 0.01206
  73 0.01205
  73 0.01205
  73 0.01206
  52 0.04014
  70 0.01200
  71 0.01206
  71 0.01206
  71 0.01205
  71 0.01206
  51 0.07794
  79 0.02559
  81 0.01446
  83 0.01206
  83 0.01206
  83 0.01205
  51 0.01477
  61 0.01276
  62 0.01206
  62 0.01205
  62 0.01206
  62 0.01206
  51 0.07436
  79 0.01971
  80 0.02134
  80 0.02134
  81 0.01205
  81 0.01205
  51 0.03014
  75 0.01158
  76 0.01097
  76 0.01097
  76 0.01096
  77 0.01206
  52 0.06679
  78 0.01205
  78 0.01206
  78 0.01206
  78 0.01206
  78 0.01206
  51 0.04443
  78 0.01200
  78 0.01200
  79 0.01205
  79 0.01206
  79 0.01206
  50 0.05530
  70 0.01276
  71 0.01206
  71 0.01206
  71 0.01205
  71 0.01206
  52 0.04594
  69 0.01588
  70 0.01205
  70 0.01205
  70 0.01206
  70 0.01205
  52 0.03767
  69 0.01206
  69 0.01205
  69 0.01206
  69 0.01205
  69 0.01205
  52 0.05939
  74 0.01730
  75 0.01205
  75 0.01206
  75 0.01206
  75 0.01205
  52 0.02854
  69 0.01119
  70 0.01206
  70 0.01206
  70 0.01205
  70 0.01206
  52 0.07583
  78 0.01132
  78 0.01132
  79 0.01206
  79 0.01205
  79 0.01205
  52 0.06859
  76 0.01422
  77 0.01206
  77 0.01206
  77 0.01206
  77 0.01206
  52 0.07782
  71 0.03442
  76 0.01557
  77 0.01370
  77 0.01370
  78 0.01206
  52 0.02741
  80 0.02052
  82 0.01205
  82 0.01205
  82 0.01206
  82 0.01205
  52 0.05766
  71 0.01119
  72 0.01206
  72 0.01206
  72 0.01206
  72 0.01206
  52 0.05111
  81 0.01426
  82 0.01206
  82 0.01206
  82 0.01205
  82 0.01206
  49 0.02155
  70 0.01108
  71 0.01205
  71 0.01206
  71 0.01205
  71 0.01205
  51 0.08444
  77 0.01055
  78 0.01250
  79 0.01205
  79 0.01206
  79 0.01206
  52 0.04768
  73 0.01338
  74 0.01206
  74 0.01206
  74 0.01206
  74 0.01205
  48 0.04924
  72 0.02434
  77 0.01205
  77 0.01205
  77 0.01205
  77 0.01205
  52 0.05946
  78 0.01409
  81 0.01275
  82 0.01205
  82 0.01205
  82 0.01206
  52 0.04026
  70 0.01206
  70 0.01206
  70 0.01205
  70 0.01205
  70 0.01206
  52 0.06495
  70 0.01398
  71 0.01205
  71 0.01206
  71 0.01206
  71 0.01206
  52 0.05943
  77 0.01185
  78 0.01422
  78 0.01422
  79 0.01206
  79 0.01206
  52 0.05280
  82 0.01206
  82 0.01205
  82 0.01206
  82 0.01206
  82 0.01206
  52 0.05140
  74 0.01208
  76 0.00958
  76 0.00958
  77 0.01206
  77 0.01206
  52 0.06505
  78 0.01346
  81 0.01205
  81 0.01206
  81 0.01205
  81 0.01206
  52 0.05343
  71 0.01913
  73 0.01687
  75 0.01205
  75 0.01206
  75 0.01206
  51 0.10394
  72 0.01615
  75 0.01206
  75 0.01206
  75 0.01206
  75 0.01206
  51 0.07550
  75 0.02223
  77 0.02322
  78 0.02245
  79 0.01278
  79 0.01278
  52 0.04041
  71 0.01205
  71 0.01206
  71 0.01206
  71 0.01206
  71 0.01206
  52 0.06929
  71 0.01841
  74 0.01504
  77 0.01206
  77 0.01205
  77 0.01206
  52 0.05264
  68 0.01431
  71 0.01206
  71 0.01206
  71 0.01206
  71 0.01206
  51 0.03809
  75 0.00642
  77 0.01206
  77 0.01205
  77 0.01206
  77 0.01206
  51 0.05750
  80 0.01654
  81 0.01594
  82 0.02134
  83 0.01206
  83 0.01206
  49 0.06577
  71 0.01840
  73 0.01353
  74 0.01205
  74 0.01206
  74 0.01205
  49 0.09836
  89 0.01189
  99 0.01217
 105 0.01162
 106 0.01096
 107 0.01206
  52 0.08823
  87 0.02726
  93 0.01461
  96 0.01205
  96 0.01205
  96 0.01206
  52 0.08250
  90 0.02807
  94 0.01933
  95 0.01742
  97 0.01206
  97 0.01206
  52 0.09792
  98 0.01538
 107 0.01206
 107 0.01206
 107 0.01206
 107 0.01206
  52 0.11317
  95 0.02366
  99 0.01949
 102 0.01276
 103 0.01205
 103 0.01205
  51 0.04995
  84 0.01393
  91 0.00539
  93 0.00643
  93 0.00643
  93 0.00643
  52 0.08441
  88 0.02485
  97 0.01276
  97 0.01276
  98 0.01206
  98 0.01205
  51 0.10242
  87 0.01118
  91 0.01172
  94 0.01206
  94 0.01205
  94 0.01205
  52 0.08023
  97 0.01745
 105 0.01597
 107 0.01206
 107 0.01205
 107 0.01206
  52 0.08321
  91 0.02337
  92 0.02316
  95 0.01223
  97 0.01063
  97 0.01063
  52 0.08445
  83 0.02517
  85 0.01535
  85 0.01535
  86 0.01206
  86 0.01205
  51 0.10258
  95 0.01822
 103 0.01185
 104 0.01253
 104 0.01253
 105 0.01206
  52 0.07204
  89 0.01680
  93 0.01276
  93 0.01276
  94 0.01206
  94 0.01205
  52 0.09517
  91 0.04815
 101 0.01155
 102 0.01275
 102 0.01276
 103 0.01206
  51 0.10375
  96 0.03252
 103 0.01366
 104 0.01176
 104 0.01176
 106 0.01088
  52 0.08093
  90 0.01203
 102 0.01327
 104 0.01177
 105 0.01297
 106 0.01181
  51 0.11116
  85 0.02822
  93 0.02372
  97 0.01119
  97 0.01119
  97 0.01119
  52 0.09037
  87 0.02420
  99 0.01358
  99 0.01358
 100 0.01373
 100 0.01373
  52 0.06053
  96 0.01429
 104 0.01338
 105 0.01206
 105 0.01206
 105 0.01206
  49 0.09537
  87 0.04560
 102 0.02221
 106 0.02557
 108 0.01331
 109 0.01206
  52 0.07015
  95 0.02117
  98 0.01249
  99 0.01353
  99 0.01353
  99 0.01353
  52 0.08190
  88 0.01699
  92 0.01206
  92 0.01206
  92 0.01206
  92 0.01206
  51 0.12558
  92 0.02006
  98 0.01205
  98 0.01205
  98 0.01206
  98 0.01206
  52 0.08300
  92 0.03527
  97 0.02105
  98 0.02101
 100 0.01206
 100 0.01206
  51 0.08303
  93 0.02242
  99 0.01799
 100 0.01113
 100 0.01113
 101 0.01225
  52 0.10022
  93 0.04379
 109 0.02605
 113 0.02327
 115 0.01205
 115 0.01206
  52 0.08635
  84 0.03068
  96 0.01746
  99 0.01405
 102 0.01087
 102 0.01087
  52 0.06028
  96 0.01722
  98 0.01530
  99 0.01782
  99 0.01782
  99 0.01782
  52 0.05785
  82 0.01399
  84 0.01031
  87 0.01099
  89 0.01229
  90 0.01355
  51 0.10089
  95 0.02669
 107 0.01593
 108 0.01500
 111 0.01205
 111 0.01205
  52 0.09125
  91 0.01158
  94 0.01200
  94 0.01200
  95 0.01205
  95 0.01205
  51 0.10419
  92 0.02728
 101 0.01481
 104 0.01021
 105 0.01200
 106 0.01241
  52 0.12281
  92 0.04423
  97 0.01928
 100 0.01283
 102 0.01088
 102 0.01087
  51 0.09911
  80 0.02382
  86 0.00614
  89 0.00643
  89 0.00643
  90 0.01206
  52 0.10548
  88 0.04033
  99 0.02160
  99 0.02160
 100 0.02033
 103 0.01153
  52 0.12211
  95 0.01757
 103 0.01414
 104 0.01183
 105 0.01169
 105 0.01169
  52 0.10578
  94 0.03062
 101 0.01157
 104 0.01238
 105 0.01295
 106 0.01206
  52 0.08967
  88 0.02428
  92 0.02562
  96 0.02302
  99 0.01206
  99 0.01206
  52 0.08898
  85 0.03983
  91 0.03311
  95 0.02109
  99 0.02364
  99 0.02364
  52 0.08979
  89 0.06762
  95 0.04268
  97 0.02037
  98 0.02192
  99 0.01478
  50 0.15266
  91 0.08522
 106 0.03063
 112 0.01760
 113 0.01772
 116 0.01857
  52 0.10860
  98 0.02957
 113 0.01567
 115 0.01250
 115 0.01250
 115 0.01250
  51 0.12443
  96 0.04764
 113 0.02615
 121 0.01568
 123 0.01440
 127 0.01155
  50 0.14969
  92 0.08492
 113 0.02898
 116 0.02541
 120 0.02408
 123 0.01460
  52 0.14380
  96 0.10022
 123 0.02504
 128 0.01590
 128 0.01590
 130 0.01281
  51 0.12406
  98 0.04736
 121 0.01472
 127 0.01362
 128 0.01400
 130 0.01357
  52 0.11429
 100 0.03527
 118 0.01184
 122 0.01025
 122 0.01025
 123 0.00958
  52 0.08411
  98 0.03783
 112 0.01932
 117 0.01528
 119 0.01237
 119 0.01237
  51 0.15346
  95 0.05903
 116 0.02745
 121 0.01884
 124 0.01311
 126 0.01375
  50 0.17722
  94 0.11351
 120 0.05446
 126 0.03562
 131 0.01933
 136 0.01557
  51 0.11711
  98 0.06044
 111 0.02587
 116 0.01728
 117 0.01528
 119 0.01307
  52 0.11546
 100 0.05863
 117 0.03980
 123 0.02272
 124 0.02408
 127 0.01511
  49 0.16818
  91 0.06706
 107 0.02749
 113 0.01726
 118 0.02032
 124 0.01206
  51 0.15621
  96 0.05941
 112 0.01445
 117 0.01087
 118 0.01175
 119 0.01119
  51 0.12279
  98 0.05167
 116 0.01973
 121 0.01355
 122 0.01251
 123 0.01679
  50 0.10398
  94 0.04192
 114 0.01634
 119 0.01229
 122 0.01206
 122 0.01205
  52 0.17656
  92 0.11181
 113 0.05977
 124 0.02388
 127 0.01759
 132 0.01350
  51 0.09970
  98 0.05056
 116 0.03158
 123 0.01184
 125 0.01515
 128 0.01046
  52 0.09678
  95 0.03866
 115 0.01579
 117 0.01227
 117 0.01227
 118 0.01245
  50 0.14963
  90 0.11005
 109 0.04579
 117 0.03783
 123 0.02402
 125 0.01711
  51 0.12483
 100 0.07279
 115 0.04089
 118 0.04380
 120 0.04111
 121 0.03053
  51 0.12240
  95 0.04217
 108 0.02994
 112 0.02319
 114 0.01562
 114 0.01562
  52 0.10131
 100 0.03591
 122 0.01808
 124 0.01863
 125 0.01745
 127 0.01203
  51 0.12153
  97 0.05982
 112 0.01881
 117 0.01339
 119 0.01286
 121 0.01190
  52 0.07927
  96 0.03365
 115 0.01592
 120 0.01370
 120 0.01370
 120 0.01370
  52 0.10873
  99 0.03660
 116 0.02054
 118 0.02314
 119 0.02490
 123 0.02225
  51 0.13110
  91 0.07864
 115 0.02370
 123 0.01594
 128 0.01036
 130 0.00852
  51 0.14338
  98 0.06850
 122 0.03112
 128 0.01956
 131 0.01906
 132 0.01774
  51 0.10998
 102 0.05563
 129 0.02892
 132 0.02428
 135 0.02175
 135 0.02176
  52 0.10889
 100 0.07348
 121 0.03275
 123 0.03508
 128 0.02602
 130 0.02174
  51 0.17620
  93 0.09505
 114 0.05231
 120 0.03810
 126 0.01666
 127 0.01807
  52 0.10836
  97 0.05658
 126 0.02205
 131 0.01205
 131 0.01205
 131 0.01206
  52 0.13170
  98 0.05792
 112 0.02040
 116 0.01569
 117 0.01668
 117 0.01668
  51 0.11181
  93 0.05327
 109 0.03676
 122 0.01920
 128 0.01763
 130 0.01660
  52 0.10307
  99 0.04667
 116 0.02003
 119 0.01416
 120 0.01237
 122 0.01048
  52 0.09372
  98 0.03356
 115 0.01294
 120 0.00587
 120 0.00587
 120 0.00587
  51 0.11639
  99 0.06820
 111 0.02362
 116 0.01453
 119 0.01590
 121 0.01382
  52 0.13264
 101 0.04024
 117 0.02755
 121 0.02124
 122 0.01935
 122 0.01935
  51 0.11719
  95 0.06991
 119 0.01768
 125 0.00745
 128 0.00674
 130 0.00631
  52 0.13298
  99 0.06431
 121 0.01386
 123 0.01094
 123 0.01094
 125 0.00998
  51 0.18843
  96 0.12190
 118 0.06115
 127 0.04693
 132 0.03189
 133 0.03552
  52 0.13094
 100 0.08938
 122 0.04853
 133 0.01432
 133 0.01432
 136 0.01084
  51 0.11750
  96 0.06933
 114 0.02880
 123 0.01408
 125 0.02151
 129 0.01632
  52 0.18776
  95 0.17760
 121 0.08759
 136 0.03354
 143 0.02936
 147 0.02787
  50 0.17460
  98 0.13173
 127 0.09312
 137 0.07159
 142 0.05814
 148 0.03541
  52 0.21226
  90 0.14632
 119 0.07313
 132 0.03189
 137 0.02575
 141 0.02093
  49 0.16679
  91 0.09829
 118 0.03778
 128 0.02946
 137 0.02339
 141 0.02093
  52 0.18308
  92 0.11888
 120 0.08578
 134 0.04746
 142 0.02906
 146 0.02466
  52 0.13092
  98 0.07000
 116 0.03922
 125 0.02955
 129 0.01931
 132 0.01567
  50 0.18670
  94 0.08204
 118 0.03807
 131 0.03122
 137 0.02074
 139 0.02365
  49 0.16786
  94 0.09790
 114 0.03567
 123 0.02110
 127 0.01451
 128 0.01244
  50 0.24204
  95 0.17829
 124 0.12480
 133 0.08154
 139 0.03995
 140 0.03616
  47 0.19334
  90 0.15006
 119 0.10802
 133 0.06334
 141 0.03520
 147 0.01521
  51 0.18617
  92 0.12991
 124 0.05279
 136 0.03417
 141 0.03035
 145 0.02070
  51 0.12655
  97 0.08542
 117 0.04730
 131 0.01878
 134 0.01604
 135 0.01677
  52 0.18859
  90 0.15819
 116 0.12133
 139 0.04836
 150 0.02871
 154 0.02404
  51 0.13902
 100 0.06894
 128 0.02239
 133 0.02225
 134 0.01322
 135 0.01418
  52 0.12801
 100 0.05686
 123 0.02341
 129 0.01756
 133 0.01441
 136 0.01488
  50 0.16130
  90 0.10432
 119 0.05380
 133 0.04520
 138 0.02787
 142 0.01680
  52 0.13554
  97 0.06151
 117 0.02676
 121 0.02284
 124 0.02148
 129 0.01828
  52 0.18594
 100 0.12438
 132 0.02941
 146 0.01521
 150 0.01791
 152 0.01956
  51 0.17772
  95 0.13886
 125 0.08404
 139 0.05003
 147 0.02107
 149 0.01770
  52 0.14499
  96 0.09114
 123 0.05465
 142 0.01833
 145 0.01830
 151 0.01120
  52 0.11582
  99 0.07722
 133 0.03327
 139 0.02499
 144 0.01719
 146 0.01206
  49 0.14482
  96 0.08669
 127 0.05107
 140 0.04259
 150 0.02791
 152 0.02582
  50 0.15546
  93 0.12687
 122 0.08435
 141 0.06474
 146 0.03852
 147 0.03543
  50 0.15316
  97 0.09281
 122 0.06757
 139 0.05092
 152 0.02311
 156 0.01986
  51 0.15083
  96 0.09358
 126 0.05476
 138 0.03728
 140 0.02772
 142 0.01933
  50 0.19239
  96 0.11634
 126 0.06067
 135 0.04829
 141 0.03835
 149 0.00962
  50 0.19964
  97 0.14587
 124 0.08149
 136 0.04356
 143 0.04168
 148 0.04046
  50 0.11777
  91 0.06219
 120 0.02855
 135 0.01344
 137 0.01367
 137 0.01366
  49 0.14355
  91 0.09842
 115 0.06323
 130 0.03392
 140 0.02688
 143 0.02149
  50 0.13696
  94 0.08129
 126 0.05170
 135 0.04287
 138 0.03762
 141 0.02482
  51 0.19671
  97 0.12694
 125 0.06520
 135 0.03388
 144 0.01855
 146 0.01637
  52 0.21768
  99 0.13272
 121 0.09390
 132 0.02808
 137 0.01419
 139 0.01572
  51 0.24993
  87 0.17961
 116 0.14141
 131 0.10998
 147 0.05526
 153 0.04110
  48 0.15543
  82 0.10697
 109 0.04636
 127 0.01685
 131 0.01720
 133 0.01266
  52 0.19190
  94 0.13307
 122 0.08576
 138 0.04779
 147 0.02901
 149 0.02875
  48 0.15357
  96 0.10786
 125 0.08385
 137 0.05851
 148 0.03606
 154 0.02725
  49 0.18452
  90 0.14787
 118 0.08433
 131 0.03796
 136 0.01490
 140 0.01284
